	1	2	3	4
Rhodobacteraceae	0.17571264036855744	0.14515324502577176	0.09132607303010891	0.057468437448762094
Desulfobacteraceae	0.03620788943276706	0.14689907443329822	0.19807815502882767	0.14453189047384818
Bacteria unclassified	0.03448027641808235	0.04575181510835227	0.05524663677130045	0.10399245777996392
Proteobacteria unclassified	0.02469046933486899	0.03657928282436402	0.03964125560538117	0.05259058862108543
Alphaproteobacteria unclassified	0.032104808522890875	0.03015019675220307	0.02413837283792441	0.025495982948024267
Nonspecific/Host	0.013748920241865822	0.028653771545751817	0.019192825112107622	0.02893917035579603
Actinobacteria unclassified	0.010653613590555715	0.01853904561325722	0.023215887251761692	0.03611247745532054
Ectothiorhodospiraceae	0.08904405413187445	0.04918805076761071	0.046021780909673286	0.017748811280537794
Rhizobiales unclassified	0.019435646415202994	0.018788449814332427	0.015246636771300448	0.015043449745859977
Bradyrhizobiaceae	0.016268355888281023	0.018816161392229674	0.01401665598975016	0.009345794392523364
Rhodospirillaceae	0.017204146271235243	0.01693177409521698	0.013452914798206279	0.011682242990654205
Chromatiaceae	0.006406564929455802	0.023804245413733858	0.012120435618193466	0.016806033776028857
Desulfovibrionaceae	0.011157500719838755	0.010253283821980824	0.022242152466367713	0.029062141334645023
Sphingomonadaceae	0.006982435934350706	0.012497921631657707	0.0073542600896860984	0.008771929824561403
Methylobacteriaceae	0.01151742009789807	0.012442498475863215	0.010275464445868033	0.008444007214297425
Deltaproteobacteria unclassified	0.002735387273250792	0.010197860666186333	0.01324791800128123	0.023897360222987375
Pseudomonadaceae	0.008422113446587965	0.012026824807404534	0.01224855861627162	0.012829972126578127
Rhizobiaceae	0.00928591995393032	0.011472593249459625	0.0076617552850736705	0.006845384489260534
Phyllobacteriaceae	0.010005758710048948	0.010364130133569805	0.007687379884689302	0.005943597311034596
Gammaproteobacteria unclassified	0.013892887993089548	0.01180513218422657	0.011044202434336963	0.012133136579767174
Bacillaceae	0.0030953066513101065	0.000942193648506346	0.007123638693145419	0.0014346614199049024
Chroococcales unclassified	0.009357903829542182	0.013772654214930999	0.008737988468930173	0.001147729135923922
Burkholderiales unclassified	0.0052548229196659945	0.007648395499639749	0.008507367072389494	0.008853910477127398
Betaproteobacteria unclassified	0.003815145407428736	0.006983317630105858	0.006841768097373479	0.009755697655353337
Burkholderiaceae	0.00439101641232364	0.006955606052208613	0.007200512491992312	0.008116084604033447
Oscillatoriales unclassified	0.0006478548805067665	0.005265199800476639	0.0024855861627162074	0.00012297097884899163
Comamonadaceae	0.0019435646415202994	0.004156736684586821	0.00689301729660474	0.005984587637317593
Aurantimonadaceae	0.0074143391880218835	0.007260433409078313	0.00535554131966688	0.00250040990326283
Xanthomonadaceae	0.004031097034264325	0.006345951338469213	0.0055349135169762975	0.005615674700770618
Myxococcales unclassified	0.0003599193780593147	0.0143823089286704	0.0025624599615631004	0.0036891293654697493
Hyphomonadaceae	0.011157500719838755	0.007149587097489331	0.00763613068545804	0.0004918839153959665
Acetobacteraceae	0.005110855168442269	0.006623067117441667	0.004945547725816784	0.0053287424167896376
Rhodospirillales unclassified	0.0052548229196659945	0.004323006151970293	0.003741191543882127	0.004590916543695688
Aspergillaceae	0.0	0.0	0.0063292761050608584	0.0
Terrabacteria group unclassified	0.002375467895191477	0.004904949287812448	0.005150544522741832	0.0076242006886374815
Streptomycetaceae	0.002591419522027066	0.004849526132017957	0.005201793721973094	0.008444007214297425
Eukaryota unclassified	0.0019435646415202994	0.00972676384193316	0.0022293401665598976	0.0028283325135268077
Erythrobacteraceae	0.0008638065073423554	0.008368896524968132	0.0028187059577194106	0.0031562551237907855
Halomonadaceae	0.014396775122372588	0.007565260765948013	0.013555413196668802	0.0023774389244138384
Geobacteraceae	0.0009357903829542183	0.0035747935487446653	0.007559256886611147	0.010124610591900311
Desulfobulbaceae	0.00021595162683558884	0.005348334534168376	0.007687379884689302	0.00914084276110838
Hyphomicrobiaceae	0.002951338900086381	0.004129025106689575	0.0032030749519538757	0.0025823905558288243
Unclassified Gammaproteobacteria unclassified	0.0	0.005653161891038076	0.00535554131966688	0.004918839153959666
Marinilabiliaceae	0.04966887417218543	0.015379925732971235	0.0032543241511851376	0.0006558452205279554
Alteromonadaceae	0.08162971494385257	0.0027434462118273014	0.0030237027546444585	0.0006148548942449582
Caulobacteraceae	0.0022315001439677513	0.003962755639306102	0.0028955797565663037	0.0018855550090178719
Planctomycetes unclassified	0.00014396775122372588	0.0018566757191154463	0.004919923126201153	0.016396130513198885
Halanaerobiaceae	0.08299740858047798	0.00011084631158898187	0.00971172325432415	0.0007378258730939498
Phycisphaerae unclassified	0.0	0.0012193094274788006	0.005637411915438821	0.013075914084276111
Polyangiaceae	7.198387561186294e-05	0.003657928282436402	0.0027930813581037795	0.004918839153959666
Methylocystaceae	0.004606968039159228	0.002494042010752092	0.0024087123638693144	0.0024184292506968354
Rhodocyclaceae	0.001151742009789807	0.002882004101313529	0.003689942344650865	0.002459419576979833
Microbacteriaceae	0.0009357903829542183	0.002189214653882392	0.0026137091607943627	0.003607148712903755
Enterobacteriaceae	0.0020155485171321624	0.0022723493875741285	0.0032543241511851376	0.003607148712903755
Planctomycetaceae	7.198387561186294e-05	0.0016072715180402372	0.0038693145419602818	0.006968355468109526
Bacteroidetes unclassified	0.004822919665994817	0.0030482735686970016	0.0020243433696348493	0.0013526807673389081
Acidobacteria unclassified	7.198387561186294e-05	0.002022945186498919	0.0029468289557975655	0.00397606164945073
Nannocystaceae	0.0	0.007648395499639749	0.0008199871877001922	0.000983767830791933
Xanthobacteraceae	0.0031672905269219693	0.0034639472371556838	0.0018962203715566944	0.0015986227250368913
Spirochaetaceae	0.005038871292830406	0.00385190932771712	0.004535554131966688	0.0026643712083948188
Unclassified Bacteria unclassified	0.0028073711488626548	0.002521753588649338	0.004509929532351057	0.0035661583866207574
Verrucomicrobia unclassified	0.0030233227756982436	0.003131408302388738	0.0005124919923126201	0.007583210362354484
Mycobacteriaceae	0.0020155485171321624	0.0021060799201906557	0.0022293401665598976	0.003484177734054763
Oxalobacteraceae	0.001295709761013533	0.0013301557390677824	0.0018705957719410634	0.0026233808821118218
Opitutaceae	0.0017276130146847107	0.0017458294075264646	0.0022805893657911595	0.003443187407771766
Phycisphaeraceae	0.0007918226317304923	0.0016626946738347282	0.0024087123638693144	0.0026643712083948188
Desulfarculaceae	0.0012237258854016701	0.0014687136285540098	0.0033568225496476618	0.005164781111657649
Anaerolineaceae	0.0	0.0008313473369173641	0.0023574631646380525	0.005656665027053615
Myxococcaceae	0.00028793550244745177	0.0014964252064512554	0.0018962203715566944	0.0027873421872438102
Clostridiales unclassified	0.003599193780593147	0.0012747325832732916	0.0026649583600256246	0.003484177734054763
Hypocreaceae	0.0	0.0	2.5624599615631006e-05	0.0
Alcaligenaceae	0.001151742009789807	0.0018566757191154463	0.0024343369634849455	0.0020495163141498606
Flavobacteriaceae	0.0032392744025338325	0.002604888322341074	0.0021012171684817423	0.0011887194622069192
Gemmatimonadaceae	0.0	0.0011084631158898189	0.0019730941704035874	0.0029922938186587966
Actinobacteria unclassified	0.0007918226317304923	0.0017181178296292192	0.0026137091607943627	0.0024184292506968354
Cyclobacteriaceae	0.006046645551396487	0.003020561990799756	0.00023062139654067906	4.0990326282997215e-05
Rhodobiaceae	0.0016556291390728477	0.00177354098542371	0.0015631005765534914	0.0014346614199049024
Cystobacteraceae	0.0003599193780593147	0.0013855788948622734	0.0018449711723254325	0.0033202164289227744
Nocardiaceae	0.0005038871292830406	0.0013301557390677824	0.0016399743754003844	0.0018855550090178719
Nocardioidaceae	0.0004319032536711777	0.0008036357590201186	0.0017937219730941704	0.0022544679455648465
Bacteroidaceae	0.001079758134177944	0.002604888322341074	0.0021012171684817423	0.0037711100180357437
Rhodanobacteraceae	0.0008638065073423554	0.0015241367843485008	0.0014093529788597053	0.0017625840301688802
Desulfohalobiaceae	0.014252807371148863	0.0012747325832732916	0.004433055733504164	0.0026233808821118218
Beijerinckiaceae	0.0016556291390728477	0.0014964252064512554	0.0013581037796284432	0.0013526807673389081
Sphingomonadales unclassified	0.0008638065073423554	0.001884387297012692	0.0010506085842408711	0.001147729135923922
Firmicutes unclassified	0.0026634033976389287	0.0016626946738347282	0.0021780909673286353	0.003279226102639777
Anaeromyxobacteraceae	0.00021595162683558884	0.0011084631158898189	0.0017680973734785395	0.0023774389244138384
Bacteroidales unclassified	0.0016556291390728477	0.0024663304328548467	0.002998078155028828	0.0020085259878668636
Methylococcaceae	0.001079758134177944	0.0017181178296292192	0.0018962203715566944	0.0014756517461878996
Micrococcales unclassified	0.0008638065073423554	0.0016349830959374826	0.0015887251761691223	0.002131496966715855
Isosphaeraceae	0.0	0.0009699052264035914	0.0015887251761691223	0.00250040990326283
Hydrogenophilaceae	7.198387561186294e-05	0.0007205010253283822	0.0010506085842408711	0.0006148548942449582
Aeromonadaceae	0.001151742009789807	0.0013855788948622734	0.0014862267777065983	0.001926545335300869
Sandaracinaceae	0.0	0.002022945186498919	0.0007174887892376681	0.0016396130513198885
Kofleriaceae	0.0	0.0007759241811228731	0.0011787315823190263	0.001721593703885883
Desulfomicrobiaceae	0.0007198387561186294	0.0011084631158898189	0.0025624599615631004	0.0026643712083948188
Acidobacteriaceae	7.198387561186294e-05	0.000471096824253173	0.0007943625880845611	0.000983767830791933
Verrucomicrobiaceae	0.0	0.0005819431358421548	0.0023574631646380525	0.0020085259878668636
Paenibacillaceae	0.0007918226317304923	0.0010530399600953279	0.0015631005765534914	0.0013526807673389081
Desulfonatronaceae	7.198387561186294e-05	0.0011638862716843096	0.0020499679692504804	0.0031562551237907855
Micrococcaceae	0.0007198387561186294	0.0006373662916366458	0.0012299807815502883	0.0018855550090178719
Rhodothermaceae	0.0007198387561186294	0.0007482126032256277	0.0017680973734785395	0.0020495163141498606
Unclassified Verrucomicrobia unclassified	0.0	0.0	0.003946188340807175	0.0
Thermaceae	7.198387561186294e-05	0.0009699052264035914	0.0014862267777065983	0.0018855550090178719
Methanosarcinaceae	0.01662827526634034	0.00030482735686970016	0.0033311979500320306	0.0014756517461878996
Corynebacteriales unclassified	0.0005758710048949035	0.0007205010253283822	0.0012299807815502883	0.0017625840301688802
Cyanobacteria unclassified	0.0005758710048949035	0.0007482126032256277	0.0007943625880845611	0.0005328742416789638
Xanthomonadales unclassified	0.0005038871292830406	0.0009144820706091005	0.0009481101857783472	0.0009427775045089359
Chromobacteriaceae	0.0006478548805067665	0.000886770492711855	0.0008968609865470852	0.0006968355468109526
Syntrophaceae	7.198387561186294e-05	0.0008313473369173641	0.0011531069827033953	0.003443187407771766
Sinobacteraceae	0.00014396775122372588	0.0009144820706091005	0.0009993593850096093	0.0003279226102639777
Solibacteraceae	0.0	0.0009976168043008369	0.0006662395900064061	0.0012297097884899164
Oscillatoriophycideae unclassified	0.00028793550244745177	0.0008036357590201186	0.0006662395900064061	0.000573864567961961
Desulfuromonadaceae	0.00028793550244745177	0.000886770492711855	0.0012299807815502883	0.001721593703885883
Bacillales unclassified	0.0015836452634609846	0.0005819431358421548	0.0007943625880845611	0.0010657484833579275
Chloroflexi unclassified	0.0	0.0007759241811228731	0.0012299807815502883	0.0018035743564518774
Parcubacteria group unclassified	0.001367693636625396	0.000942193648506346	0.0009993593850096093	0.002090506640432858
Saprospiraceae	0.0	0.0019120988749099373	0.0008968609865470852	0.0
Prolixibacteraceae	0.002735387273250792	0.0025494651665465833	0.0024087123638693144	8.198065256599443e-05
Rhodobacterales unclassified	0.001367693636625396	0.0009144820706091005	0.0005893657911595131	0.000778816199376947
Desulfovibrionales unclassified	0.0009357903829542183	0.0007482126032256277	0.0011018577834721332	0.0014756517461878996
Rikenellaceae	0.0005758710048949035	0.0010530399600953279	0.0008712363869314542	0.0013116904410559109
Deinococcaceae	0.00028793550244745177	0.000471096824253173	0.0013068545803971814	0.0008607968519429415
Cytophagaceae	0.00014396775122372588	0.0004433852463559275	0.0005124919923126201	0.0005328742416789638
Cystobacterineae unclassified	0.00021595162683558884	0.0005819431358421548	0.0007687379884689302	0.0011887194622069192
Syntrophobacteraceae	0.0	0.000471096824253173	0.0006406149903907751	0.0016396130513198885
Porphyromonadaceae	0.001079758134177944	0.0011915978495815552	0.0010249839846252402	0.0006558452205279554
Clostridia unclassified	0.0008638065073423554	0.00038796209056143655	0.0008712363869314542	0.0013116904410559109
Pseudonocardiaceae	0.00014396775122372588	0.0005265199800476639	0.0006149903907751442	0.0010247581570749303
Nocardiopsaceae	0.00021595162683558884	0.0003325389347669456	0.0005893657911595131	0.0008607968519429415
Labilitrichaceae	0.0	0.0010253283821980823	0.0004099935938500961	0.000573864567961961
Scytonemataceae	0.0009357903829542183	0.0006096547137394003	0.0006406149903907751	0.00020495163141498606
Holophagaceae	0.0	0.0005819431358421548	0.0008968609865470852	0.0012297097884899164
Intrasporangiaceae	0.00028793550244745177	0.0005819431358421548	0.0004099935938500961	0.0005328742416789638
Bacteria candidate phyla unclassified	0.0005758710048949035	0.00041567366845868205	0.0004868673926969891	0.0016396130513198885
Pelobacteraceae	0.00021595162683558884	0.0005542315579449094	0.0008712363869314542	0.0006968355468109526
Vulgatibacteraceae	0.0	0.0002771157789724547	0.0004356181934657271	0.000778816199376947
Nitrosomonadaceae	0.0	5.5423155794490936e-05	0.0	0.0
Anaerolineae unclassified	0.0	5.5423155794490936e-05	0.00035874439461883406	0.0024184292506968354
Nostocaceae	0.00028793550244745177	0.0005542315579449094	0.0003843689942344651	0.00012297097884899163
Acidimicrobiaceae	0.0	0.0007759241811228731	0.0005381165919282511	4.0990326282997215e-05
Actinomycetaceae	0.00028793550244745177	0.000471096824253173	0.0007174887892376681	0.0007378258730939498
Solirubrobacteraceae	7.198387561186294e-05	0.0006096547137394003	0.0005381165919282511	0.0008198065256599442
Frankiaceae	0.00014396775122372588	0.0002771157789724547	0.0003331197950032031	0.0006968355468109526
Chromatiales unclassified	0.0005038871292830406	0.0008036357590201186	0.0005124919923126201	0.00045089358911296935
Competibacteraceae	0.0	0.0002494042010752092	0.00035874439461883406	0.000573864567961961
Corynebacteriaceae	0.00028793550244745177	0.0002494042010752092	0.0005124919923126201	0.0006558452205279554
Parvularculaceae	7.198387561186294e-05	0.00038796209056143655	0.0003843689942344651	0.00020495163141498606
Micromonosporaceae	0.00021595162683558884	0.00022169262317796375	0.0005124919923126201	0.0004099032628299721
Prevotellaceae	7.198387561186294e-05	0.0006373662916366458	0.0005381165919282511	0.0006968355468109526
Roseiflexaceae	0.0	0.00030482735686970016	0.0004356181934657271	0.0005328742416789638
Puniceicoccaceae	0.0015836452634609846	0.0004433852463559275	0.0005893657911595131	0.0003279226102639777
Moraxellaceae	0.0003599193780593147	0.000471096824253173	0.0003074951953875721	0.0004918839153959665
Thermoplasmatales unclassified	0.0	0.00022169262317796375	0.00023062139654067906	0.0016396130513198885
Vibrionaceae	0.0007918226317304923	0.00019398104528071827	0.0006149903907751442	0.00024594195769798326
Armatimonadetes unclassified	7.198387561186294e-05	0.00011084631158898187	0.0006149903907751442	0.0013116904410559109
Synergistaceae	7.198387561186294e-05	0.00011084631158898187	0.0007943625880845611	0.0010247581570749303
Clostridiaceae	0.0019435646415202994	0.00030482735686970016	0.0004099935938500961	0.0004099032628299721
Cellulomonadaceae	0.00014396775122372588	0.0002771157789724547	0.0003843689942344651	0.000573864567961961
Caldilineaceae	0.0	0.00038796209056143655	0.0004099935938500961	0.0006558452205279554
Veillonellaceae	0.00014396775122372588	0.0003325389347669456	0.0005381165919282511	0.000573864567961961
Gordoniaceae	0.00014396775122372588	0.0002771157789724547	0.0005637411915438821	0.00045089358911296935
Chlorobiaceae	0.0	0.00022169262317796375	0.0006918641896220372	0.0007378258730939498
Neisseriaceae	0.0003599193780593147	0.000471096824253173	0.0003331197950032031	0.0004099032628299721
Archaea unclassified	0.0	0.00011084631158898187	0.0004099935938500961	0.00024594195769798326
Streptosporangiaceae	7.198387561186294e-05	0.0001662694673834728	0.0004356181934657271	0.000778816199376947
Prochlorotrichaceae	0.0	0.0002494042010752092	0.0	0.0
Peptococcaceae	0.0004319032536711777	8.31347336917364e-05	0.0005637411915438821	0.0014756517461878996
Thermomonosporaceae	7.198387561186294e-05	0.0002494042010752092	0.00025624599615631005	0.0003689129365469749
Alcanivoracaceae	0.0005038871292830406	0.00038796209056143655	0.0003843689942344651	0.00024594195769798326
Brucellaceae	0.00028793550244745177	0.0003602505126641911	0.0004868673926969891	0.00012297097884899163
Halobacteria unclassified	0.00021595162683558884	0.00030482735686970016	0.00015374759769378604	0.0003689129365469749
Lachnospiraceae	0.0006478548805067665	0.00038796209056143655	0.00035874439461883406	0.0004099032628299721
Candidatus Rokubacteria unclassified	0.0	0.00013855788948622736	0.0003331197950032031	0.0006968355468109526
Oscillochloridaceae	0.0	0.0003325389347669456	0.0004356181934657271	0.0
Verrucomicrobiales unclassified	0.0005758710048949035	0.0004433852463559275	0.0004099935938500961	0.000573864567961961
Dehalococcoidia unclassified	0.0	5.5423155794490936e-05	0.00017937219730941703	0.001926545335300869
Flammeovirgaceae	0.0	0.0006096547137394003	0.00028187059577194104	0.0
Halothiobacillaceae	0.00028793550244745177	0.0010807515379925733	0.0005381165919282511	0.0004918839153959665
Verrucomicrobia subdivision 3	0.0	0.0	0.00023062139654067906	0.0006148548942449582
Demequinaceae	0.00028793550244745177	0.00022169262317796375	0.00028187059577194104	0.0003279226102639777
Microgenomates group unclassified	7.198387561186294e-05	0.0002494042010752092	0.00028187059577194104	0.00045089358911296935
Propionibacteriaceae	0.00028793550244745177	0.0002494042010752092	0.00025624599615631005	0.0007378258730939498
Clostridiales Family XVII. Incertae Sedis	0.0	0.000471096824253173	0.0006149903907751442	0.0009017871782259387
Sphaerobacteraceae	0.0	0.00022169262317796375	0.0003843689942344651	0.00045089358911296935
Stigonematales unclassified	0.00021595162683558884	0.00011084631158898187	0.00028187059577194104	0.00012297097884899163
Thermithiobacillaceae	0.00028793550244745177	0.00011084631158898187	0.0003843689942344651	0.0004918839153959665
Nitrospiraceae	0.00014396775122372588	5.5423155794490936e-05	0.00023062139654067906	0.0005328742416789638
Halieaceae	0.00021595162683558884	0.0003602505126641911	0.00015374759769378604	0.0
Chloroflexaceae	0.00014396775122372588	0.000471096824253173	0.00025624599615631005	0.00024594195769798326
Haloferacaceae	0.00014396775122372588	0.0002494042010752092	0.00023062139654067906	0.0004918839153959665
Wenzhouxiangellaceae	0.0	0.00011084631158898187	0.00028187059577194104	0.0003689129365469749
Limnochordaceae	0.0	0.0004433852463559275	0.0003074951953875721	0.0006558452205279554
Symbiobacteriaceae	0.0	0.0	0.00028187059577194104	0.0008198065256599442
Solibacterales unclassified	0.0	0.0001662694673834728	0.00020499679692504805	0.00020495163141498606
Coriobacteriaceae	0.00014396775122372588	0.0001662694673834728	0.0003074951953875721	0.0003689129365469749
Syntrophorhabdaceae	0.0	0.00019398104528071827	0.00028187059577194104	0.00045089358911296935
Euryarchaeota unclassified	0.0003599193780593147	0.00011084631158898187	0.0004099935938500961	0.0006558452205279554
Chitinophagaceae	0.001295709761013533	0.0006650778695338912	0.0003331197950032031	8.198065256599443e-05
Conexibacteraceae	0.0	0.00019398104528071827	0.00028187059577194104	0.0
Desulfuromonadales unclassified	0.0004319032536711777	0.00022169262317796375	0.00035874439461883406	0.00024594195769798326
Bifidobacteriaceae	7.198387561186294e-05	0.00011084631158898187	0.0003074951953875721	0.0004918839153959665
Desulfobacterales unclassified	0.00014396775122372588	0.0001662694673834728	0.0003074951953875721	0.0003279226102639777
Gloeobacterales unclassified	0.0	0.0002494042010752092	0.0	0.0
Kosmotogaceae	0.0	2.7711577897245468e-05	0.0017424727738629083	0.00024594195769798326
Nitrospinaceae	0.0	0.0	0.0003843689942344651	4.0990326282997215e-05
Microchaetaceae	7.198387561186294e-05	2.7711577897245468e-05	0.0	0.0
Ruminococcaceae	7.198387561186294e-05	0.0001662694673834728	0.0003331197950032031	0.0002869322839809805
Halobacteriaceae	0.0	8.31347336917364e-05	0.0003331197950032031	0.0002869322839809805
Ardenticatenaceae	0.0	0.0002494042010752092	0.0	0.000573864567961961
Pseudomonadales unclassified	0.00028793550244745177	0.00041567366845868205	0.00023062139654067906	0.00016396130513198886
Streptosporangiales unclassified	7.198387561186294e-05	0.00019398104528071827	0.00023062139654067906	0.00020495163141498606
Sorangiineae unclassified	0.0	0.0003602505126641911	0.00017937219730941703	0.0003279226102639777
PVC group unclassified	0.00014396775122372588	0.0001662694673834728	0.00017937219730941703	0.0003279226102639777
Lactobacillaceae	0.00028793550244745177	0.00011084631158898187	0.0003331197950032031	0.0002869322839809805
Cloacimonetes unclassified	0.00014396775122372588	0.00022169262317796375	0.00028187059577194104	0.00045089358911296935
Algiphilaceae	0.0	0.0001662694673834728	0.0003331197950032031	0.0
Trueperaceae	0.0	0.00022169262317796375	0.00035874439461883406	0.0
Bacilli unclassified	0.0004319032536711777	0.0002494042010752092	0.00015374759769378604	0.00024594195769798326
Methylothermaceae	0.00014396775122372588	8.31347336917364e-05	0.00028187059577194104	0.00024594195769798326
Legionellaceae	0.00014396775122372588	0.00013855788948622736	0.00010249839846252402	0.00012297097884899163
Solirubrobacterales unclassified	0.0	0.00013855788948622736	0.00020499679692504805	0.00012297097884899163
Campylobacteraceae	0.00028793550244745177	0.00030482735686970016	0.00028187059577194104	8.198065256599443e-05
Eggerthellaceae	7.198387561186294e-05	0.00011084631158898187	7.687379884689302e-05	0.0002869322839809805
Patescibacteria group unclassified	0.00028793550244745177	8.31347336917364e-05	0.00023062139654067906	0.00020495163141498606
Francisellaceae	0.0	0.00011084631158898187	0.00015374759769378604	0.0
Streptococcaceae	0.0005038871292830406	0.00013855788948622736	0.00012812299807815503	0.00016396130513198886
FCB group unclassified	0.0	8.31347336917364e-05	0.0004612427930813581	0.00012297097884899163
Thermoanaerobacteraceae	0.00021595162683558884	8.31347336917364e-05	0.00023062139654067906	0.0003279226102639777
Nanoarchaeota unclassified	7.198387561186294e-05	0.00011084631158898187	0.00035874439461883406	0.00024594195769798326
Acidithiobacillales unclassified	0.00021595162683558884	0.00019398104528071827	0.00012812299807815503	0.00012297097884899163
Natrialbaceae	7.198387561186294e-05	0.0	0.00017937219730941703	0.00024594195769798326
Pseudoalteromonadaceae	0.00028793550244745177	0.00011084631158898187	0.00012812299807815503	0.00016396130513198886
Leotiomyceta unclassified	0.0	0.0	0.00010249839846252402	0.0
Candidatus Moranbacteria unclassified	0.00014396775122372588	0.00011084631158898187	0.00025624599615631005	0.00012297097884899163
Cytophagales unclassified	7.198387561186294e-05	0.00019398104528071827	0.00010249839846252402	8.198065256599443e-05
Candidate division NC10 unclassified	0.0	0.0	0.0	0.0006558452205279554
Nostocales unclassified	0.0	2.7711577897245468e-05	2.5624599615631006e-05	4.0990326282997215e-05
Alicyclobacillaceae	0.0	2.7711577897245468e-05	0.00012812299807815503	0.0003279226102639777
Oscillospiraceae	0.0	0.0	0.00012812299807815503	0.0003689129365469749
Planctomycetales unclassified	0.0	5.5423155794490936e-05	0.00015374759769378604	0.0003689129365469749
Methylophilaceae	0.00021595162683558884	0.0001662694673834728	7.687379884689302e-05	4.0990326282997215e-05
Rubrobacteraceae	0.0	0.0	0.0004356181934657271	0.0004099032628299721
Marinimicrobia unclassified	0.00028793550244745177	0.00011084631158898187	0.00010249839846252402	0.0003279226102639777
Alteromonadales unclassified	7.198387561186294e-05	0.00019398104528071827	0.00010249839846252402	0.0
Akkermansiaceae	7.198387561186294e-05	0.00019398104528071827	0.00023062139654067906	0.00012297097884899163
Promicromonosporaceae	0.0	0.00013855788948622736	7.687379884689302e-05	0.00024594195769798326
Omnitrophica unclassified	0.0	2.7711577897245468e-05	0.0	0.00045089358911296935
Helicobacteraceae	0.00028793550244745177	0.00019398104528071827	7.687379884689302e-05	0.00016396130513198886
Flavobacteriales unclassified	0.00021595162683558884	0.0002494042010752092	5.124919923126201e-05	8.198065256599443e-05
Atopobiaceae	7.198387561186294e-05	5.5423155794490936e-05	0.00025624599615631005	0.00024594195769798326
Halobacteroidaceae	0.00014396775122372588	0.0	0.0	0.0
Nitriliruptoraceae	0.0	0.0002771157789724547	0.0	0.0
Bacteroidetes/Chlorobi group unclassified	7.198387561186294e-05	0.00011084631158898187	0.00010249839846252402	8.198065256599443e-05
Dermabacteraceae	0.0	5.5423155794490936e-05	0.00010249839846252402	0.0003279226102639777
Candidatus Uhrbacteria unclassified	0.00014396775122372588	0.00013855788948622736	0.00015374759769378604	8.198065256599443e-05
Deinococci unclassified	0.0	0.00019398104528071827	0.00010249839846252402	0.00024594195769798326
Patulibacteraceae	0.0	0.0	0.00025624599615631005	8.198065256599443e-05
Fusobacteriaceae	0.0004319032536711777	0.00011084631158898187	0.0	8.198065256599443e-05
Rivulariaceae	0.0	0.0001662694673834728	0.0	0.0
Geodermatophilaceae	0.0	2.7711577897245468e-05	0.0	0.00024594195769798326
Cryomorphaceae	0.00014396775122372588	0.00013855788948622736	0.00015374759769378604	8.198065256599443e-05
Thermoactinomycetaceae	7.198387561186294e-05	5.5423155794490936e-05	0.00010249839846252402	8.198065256599443e-05
Candidatus Peregrinibacteria unclassified	0.0003599193780593147	2.7711577897245468e-05	2.5624599615631006e-05	4.0990326282997215e-05
Thiotrichaceae	0.0	0.0003602505126641911	0.0	0.0
Oceanospirillaceae	0.0	0.0004988084021504184	0.00012812299807815503	0.0
Sulfuricellaceae	0.0	5.5423155794490936e-05	0.0	0.0
Thaumarchaeota unclassified	0.0	0.0	0.00010249839846252402	0.00016396130513198886
Candidatus Falkowbacteria unclassified	0.0	8.31347336917364e-05	5.124919923126201e-05	4.0990326282997215e-05
Leptospiraceae	7.198387561186294e-05	8.31347336917364e-05	0.00015374759769378604	0.00012297097884899163
Candidatus Atribacteria unclassified	7.198387561186294e-05	5.5423155794490936e-05	0.0003074951953875721	0.0003689129365469749
Staphylococcaceae	0.0004319032536711777	2.7711577897245468e-05	2.5624599615631006e-05	0.00012297097884899163
Sphingobacteriaceae	7.198387561186294e-05	0.00011084631158898187	0.00012812299807815503	0.0
Shewanellaceae	7.198387561186294e-05	0.00022169262317796375	0.00010249839846252402	4.0990326282997215e-05
Prochlorococcaceae	7.198387561186294e-05	5.5423155794490936e-05	5.124919923126201e-05	4.0990326282997215e-05
Simkaniaceae	0.0	0.00013855788948622736	0.0	0.0
Piscirickettsiaceae	7.198387561186294e-05	8.31347336917364e-05	0.00012812299807815503	0.0
Coriobacteriia unclassified	0.00014396775122372588	8.31347336917364e-05	0.00010249839846252402	0.00012297097884899163
Oceanospirillales unclassified	0.0	0.00011084631158898187	2.5624599615631006e-05	0.0
Cellvibrionaceae	0.0	0.00011084631158898187	7.687379884689302e-05	4.0990326282997215e-05
Methanomicrobiaceae	0.0	2.7711577897245468e-05	5.124919923126201e-05	0.000573864567961961
Candidatus Parcubacteria unclassified	7.198387561186294e-05	2.7711577897245468e-05	0.0	0.0
Flavobacteriia unclassified	0.00021595162683558884	8.31347336917364e-05	5.124919923126201e-05	0.00012297097884899163
Thermotogaceae	7.198387561186294e-05	0.00011084631158898187	2.5624599615631006e-05	0.00016396130513198886
Candidatus Magasanikbacteria unclassified	0.00014396775122372588	2.7711577897245468e-05	0.00010249839846252402	0.0002869322839809805
Pasteurellaceae	0.00021595162683558884	5.5423155794490936e-05	0.00012812299807815503	0.0
Sutterellaceae	0.0	5.5423155794490936e-05	0.00010249839846252402	0.0
Latescibacteria unclassified	0.0	0.0	7.687379884689302e-05	0.00045089358911296935
Gallionellaceae	0.0	0.0	0.00012812299807815503	0.0
Enterococcaceae	0.00028793550244745177	0.00013855788948622736	2.5624599615631006e-05	4.0990326282997215e-05
Chrysiogenaceae	0.0	0.0	0.00025624599615631005	0.0003279226102639777
Dermatophilaceae	0.0	0.0	7.687379884689302e-05	4.0990326282997215e-05
Candidatus Hydrogenedentes unclassified	0.0	5.5423155794490936e-05	0.00010249839846252402	8.198065256599443e-05
Synergistales unclassified	7.198387561186294e-05	0.0	0.00012812299807815503	0.00012297097884899163
Candidate division Zixibacteria unclassified	0.0	5.5423155794490936e-05	2.5624599615631006e-05	0.0006558452205279554
Dermacoccaceae	7.198387561186294e-05	0.00011084631158898187	5.124919923126201e-05	8.198065256599443e-05
Bacteroidia unclassified	7.198387561186294e-05	5.5423155794490936e-05	5.124919923126201e-05	8.198065256599443e-05
Salinisphaeraceae	0.0	0.00022169262317796375	0.00025624599615631005	0.0
Ignavibacteriaceae	0.0	0.0	0.0	0.0
Lactobacillales unclassified	0.00014396775122372588	5.5423155794490936e-05	0.00010249839846252402	0.0
Pleurocapsales unclassified	0.0	0.0002771157789724547	2.5624599615631006e-05	0.0
Propionibacteriales unclassified	0.0	2.7711577897245468e-05	0.00017937219730941703	0.0
Verrucomicrobia subdivision 6	0.0	0.0	5.124919923126201e-05	4.0990326282997215e-05
Candidatus Nomurabacteria unclassified	0.00014396775122372588	2.7711577897245468e-05	7.687379884689302e-05	0.00012297097884899163
Candidatus Woesebacteria unclassified	0.0	8.31347336917364e-05	2.5624599615631006e-05	0.0
Microthrixaceae	0.0	0.0	0.0	0.0
Candidatus Aminicenantes unclassified	7.198387561186294e-05	2.7711577897245468e-05	7.687379884689302e-05	8.198065256599443e-05
Marinifilaceae	0.0	0.00019398104528071827	0.0	0.0
Anaplasmataceae	0.00014396775122372588	5.5423155794490936e-05	0.0	4.0990326282997215e-05
Chloroflexales unclassified	0.0	5.5423155794490936e-05	5.124919923126201e-05	8.198065256599443e-05
Chloroflexineae unclassified	0.0	8.31347336917364e-05	2.5624599615631006e-05	0.0
Candidatus Wolfebacteria unclassified	0.0	2.7711577897245468e-05	7.687379884689302e-05	0.00016396130513198886
Candidatus Campbellbacteria unclassified	0.0003599193780593147	0.00011084631158898187	7.687379884689302e-05	4.0990326282997215e-05
Peptostreptococcaceae	0.00014396775122372588	0.00011084631158898187	2.5624599615631006e-05	4.0990326282997215e-05
Idiomarinaceae	0.0007198387561186294	2.7711577897245468e-05	0.0	4.0990326282997215e-05
Thermoanaerobacterales Family III. Incertae Sedis	0.00028793550244745177	5.5423155794490936e-05	7.687379884689302e-05	4.0990326282997215e-05
Candidatus Acetothermia unclassified	0.0	0.0	0.0	0.0004099032628299721
Dikarya unclassified	0.0	2.7711577897245468e-05	7.687379884689302e-05	0.0
Acidaminococcaceae	0.0	0.0	5.124919923126201e-05	0.00012297097884899163
Methanobacteriaceae	0.00014396775122372588	5.5423155794490936e-05	7.687379884689302e-05	0.0
Unclassified Archaea unclassified	0.0	0.0	0.0	0.0006968355468109526
Cryptosporangiaceae	0.0	0.0	0.00020499679692504805	0.0
Coriobacteriales unclassified	0.0	0.0	5.124919923126201e-05	8.198065256599443e-05
Neisseriales unclassified	0.0	5.5423155794490936e-05	2.5624599615631006e-05	0.0
Candidate division WWE3 unclassified	0.0	2.7711577897245468e-05	2.5624599615631006e-05	0.0
Peptoniphilaceae	7.198387561186294e-05	5.5423155794490936e-05	0.0	4.0990326282997215e-05
Candidatus Beckwithbacteria unclassified	7.198387561186294e-05	0.0	2.5624599615631006e-05	0.00012297097884899163
Candidatus Amesbacteria unclassified	7.198387561186294e-05	5.5423155794490936e-05	2.5624599615631006e-05	4.0990326282997215e-05
Acidithiobacillaceae	0.0	0.00022169262317796375	0.00010249839846252402	0.0
Candidatus Kaiserbacteria unclassified	0.0	2.7711577897245468e-05	0.00015374759769378604	8.198065256599443e-05
Nitrospirae unclassified	0.0	2.7711577897245468e-05	5.124919923126201e-05	4.0990326282997215e-05
Candidate division CPR2 unclassified	0.0	0.0	0.0	0.00012297097884899163
Cellvibrionales unclassified	0.0	0.0	2.5624599615631006e-05	0.0
Ferrimonadaceae	7.198387561186294e-05	0.0	7.687379884689302e-05	0.0
Candidatus Roizmanbacteria unclassified	0.0	0.0	5.124919923126201e-05	0.00012297097884899163
Rickettsiaceae	0.0	0.0	5.124919923126201e-05	0.00012297097884899163
Heliobacteriaceae	0.0	0.0	0.00017937219730941703	0.0
Thermococcaceae	0.0	0.0	0.0	4.0990326282997215e-05
Brachyspiraceae	0.0	8.31347336917364e-05	2.5624599615631006e-05	4.0990326282997215e-05
Kordiimonadaceae	0.0	0.0	0.0	0.0
Epsilonproteobacteria unclassified	7.198387561186294e-05	5.5423155794490936e-05	5.124919923126201e-05	8.198065256599443e-05
Glycomycetaceae	0.0	0.0	0.0	0.0
Nannocystineae unclassified	0.0	0.0	2.5624599615631006e-05	0.0
Jiangellaceae	7.198387561186294e-05	2.7711577897245468e-05	5.124919923126201e-05	0.0
Borreliaceae	0.00014396775122372588	2.7711577897245468e-05	5.124919923126201e-05	4.0990326282997215e-05
Listeriaceae	7.198387561186294e-05	0.0	0.0	0.0
Candidatus Daviesbacteria unclassified	7.198387561186294e-05	2.7711577897245468e-05	7.687379884689302e-05	8.198065256599443e-05
Chlamydiales unclassified	0.0	2.7711577897245468e-05	2.5624599615631006e-05	0.0
Fibrobacteria unclassified	0.0	2.7711577897245468e-05	0.0	4.0990326282997215e-05
Colwelliaceae	0.0	2.7711577897245468e-05	5.124919923126201e-05	4.0990326282997215e-05
Dehalococcoidaceae	0.0	2.7711577897245468e-05	0.0	4.0990326282997215e-05
Candidatus Fervidibacteria unclassified	7.198387561186294e-05	0.0	0.0	4.0990326282997215e-05
Candidatus Pacebacteria unclassified	0.0	2.7711577897245468e-05	5.124919923126201e-05	4.0990326282997215e-05
Eubacteriaceae	7.198387561186294e-05	0.0	0.0	0.0
Candidatus Azambacteria unclassified	7.198387561186294e-05	2.7711577897245468e-05	0.0	0.0
Fimbriimonadaceae	0.0	0.0	0.0	0.0
Delta/epsilon subdivisions unclassified	0.0	5.5423155794490936e-05	5.124919923126201e-05	4.0990326282997215e-05
Williamsiaceae	0.0	2.7711577897245468e-05	2.5624599615631006e-05	4.0990326282997215e-05
Thermotogae unclassified	0.00014396775122372588	0.0	5.124919923126201e-05	0.0
Herpetosiphonaceae	0.0	2.7711577897245468e-05	2.5624599615631006e-05	0.0
Campylobacterales unclassified	0.00014396775122372588	0.0	7.687379884689302e-05	4.0990326282997215e-05
Carnobacteriaceae	7.198387561186294e-05	0.0	2.5624599615631006e-05	8.198065256599443e-05
Candidatus Collierbacteria unclassified	7.198387561186294e-05	0.0	0.0	4.0990326282997215e-05
Thermomicrobia unclassified	0.0	5.5423155794490936e-05	0.0	0.00016396130513198886
Brevibacteriaceae	0.0	2.7711577897245468e-05	2.5624599615631006e-05	8.198065256599443e-05
Nautiliaceae	7.198387561186294e-05	2.7711577897245468e-05	0.0	8.198065256599443e-05
Methanomicrobia unclassified	7.198387561186294e-05	0.0	7.687379884689302e-05	0.0
Candidatus Gottesmanbacteria unclassified	0.0	5.5423155794490936e-05	2.5624599615631006e-05	4.0990326282997215e-05
Candidatus Shapirobacteria unclassified	0.0	0.0	2.5624599615631006e-05	4.0990326282997215e-05
Bartonellaceae	0.0	2.7711577897245468e-05	7.687379884689302e-05	0.0
Rickettsiales unclassified	7.198387561186294e-05	0.0	0.0	4.0990326282997215e-05
Syntrophobacterales unclassified	0.0	0.0	2.5624599615631006e-05	0.00012297097884899163
Candidatus Peribacteria unclassified	0.0	2.7711577897245468e-05	0.0	0.0
Sporolactobacillaceae	0.00028793550244745177	2.7711577897245468e-05	0.0	4.0990326282997215e-05
Candidatus Adlerbacteria unclassified	7.198387561186294e-05	2.7711577897245468e-05	2.5624599615631006e-05	4.0990326282997215e-05
Aquificaceae	0.0	2.7711577897245468e-05	0.0	0.0
Candidatus Jorgensenbacteria unclassified	0.0	0.0	5.124919923126201e-05	8.198065256599443e-05
Hydrogenothermaceae	0.0	5.5423155794490936e-05	2.5624599615631006e-05	4.0990326282997215e-05
Nitrosopumilaceae	0.0	0.0	2.5624599615631006e-05	0.0
Blastocatellia unclassified	0.0	0.0	0.0	0.0
Thermoanaerobacterales unclassified	0.0	0.0	0.0	4.0990326282997215e-05
Syntrophomonadaceae	0.0	2.7711577897245468e-05	0.0	4.0990326282997215e-05
Acidimicrobiia unclassified	0.0	2.7711577897245468e-05	2.5624599615631006e-05	4.0990326282997215e-05
Parachlamydiaceae	0.00014396775122372588	0.0	2.5624599615631006e-05	0.0
Candidatus Poribacteria unclassified	0.0	2.7711577897245468e-05	2.5624599615631006e-05	0.0
Opitutae unclassified	7.198387561186294e-05	2.7711577897245468e-05	0.0	0.0
Pelagibacteraceae	0.0	0.0	0.0	0.0
Candidatus Brocadiaceae	0.0	0.0	0.0	8.198065256599443e-05
Zetaproteobacteria unclassified	0.0	2.7711577897245468e-05	5.124919923126201e-05	0.0
Halobacteriales unclassified	7.198387561186294e-05	2.7711577897245468e-05	0.0	4.0990326282997215e-05
Blattabacteriaceae	7.198387561186294e-05	0.0	2.5624599615631006e-05	0.0
Chlamydiae unclassified	0.0	0.0	2.5624599615631006e-05	0.0
Methylophilales unclassified	0.0	0.0	0.0	8.198065256599443e-05
Saccharomyceta unclassified	0.0	5.5423155794490936e-05	0.0	0.0
Mollicutes unclassified	0.00028793550244745177	2.7711577897245468e-05	2.5624599615631006e-05	0.0
Leptotrichiaceae	0.00014396775122372588	2.7711577897245468e-05	2.5624599615631006e-05	0.0
Chlamydiaceae	0.0	0.0	0.0	4.0990326282997215e-05
Bdellovibrionales unclassified	0.0	2.7711577897245468e-05	0.0	4.0990326282997215e-05
Botryosphaeriaceae	0.0	0.0	0.0	8.198065256599443e-05
Frankiales unclassified	0.0	2.7711577897245468e-05	0.0	0.0
Coxiellaceae	0.0	0.0	0.0	4.0990326282997215e-05
Planctomycetia unclassified	0.0	0.0	0.0	0.0
Spirochaetes unclassified	0.0	0.0	0.0	0.0
Mycoplasmataceae	7.198387561186294e-05	0.0	0.0	0.0
Acholeplasmataceae	7.198387561186294e-05	0.0	5.124919923126201e-05	0.0
Planococcaceae	7.198387561186294e-05	0.0	0.0	4.0990326282997215e-05
Tissierellia unclassified	7.198387561186294e-05	0.0	2.5624599615631006e-05	8.198065256599443e-05
Thermoproteaceae	0.0	2.7711577897245468e-05	0.0	0.0
Methanocaldococcaceae	0.0	0.0	2.5624599615631006e-05	8.198065256599443e-05
Myoviridae	0.0	5.5423155794490936e-05	2.5624599615631006e-05	0.0
Candidatus Saccharibacteria unclassified	0.0	8.31347336917364e-05	0.0	4.0990326282997215e-05
Candidatus Berkelbacteria unclassified	0.0	0.0	7.687379884689302e-05	4.0990326282997215e-05
Spirochaetales unclassified	7.198387561186294e-05	0.0	0.0	0.0
Crenarchaeota unclassified	0.0	2.7711577897245468e-05	0.0	0.0
Elusimicrobia unclassified	0.0	0.0	0.0	4.0990326282997215e-05
Aerococcaceae	0.0	2.7711577897245468e-05	0.0	0.0
Gemmatimonadetes unclassified	0.0	0.0	0.0	0.0
Moritellaceae	0.0	0.0	0.0	0.0
Methylacidiphilaceae	0.0	0.0	2.5624599615631006e-05	0.0
Selenomonadales unclassified	0.0	0.0	0.0	0.0
Fervidobacteriaceae	7.198387561186294e-05	0.0	0.0	0.0
Sordariomycetes unclassified	0.0	0.0	0.0	4.0990326282997215e-05
Nitrososphaeraceae	0.0	0.0	0.0	0.0
Candidate division CPR3 unclassified	0.0	0.0	2.5624599615631006e-05	0.0
Spongiibacteraceae	0.0	0.0	0.0	4.0990326282997215e-05
Candidatus Giovannonibacteria unclassified	0.0	0.0	0.0	0.0
Phycodnaviridae	0.0	0.00011084631158898187	0.0	0.0
Candidatus Levybacteria unclassified	0.0	0.0	0.0	0.0
Petrotogales unclassified	0.0	0.0	5.124919923126201e-05	0.0
Leuconostocaceae	0.0	0.0	2.5624599615631006e-05	0.0
Methanomicrobiales unclassified	7.198387561186294e-05	0.0	0.0	0.0
Pleosporaceae	0.0	0.0	0.0	0.0
Dictyosteliida unclassified	0.0	0.0	0.0	4.0990326282997215e-05
Deinococcales unclassified	7.198387561186294e-05	0.0	2.5624599615631006e-05	0.0
Legionellales unclassified	0.0	0.0	0.0	0.0
Methylococcales unclassified	0.0	2.7711577897245468e-05	0.0	0.0
Mesoniviridae	0.0	0.0	0.0	0.0
Candidatus Paracaedibacteraceae	0.0	0.0	0.0	0.0
Clostridiales Family XIII. Incertae Sedis	7.198387561186294e-05	2.7711577897245468e-05	2.5624599615631006e-05	0.0
Holosporaceae	0.0	0.0	0.0	4.0990326282997215e-05
Basidiomycota unclassified	0.0	0.0	0.0	4.0990326282997215e-05
Bdellovibrionaceae	0.0	2.7711577897245468e-05	0.0	0.0
Candidatus Curtissbacteria unclassified	0.0	2.7711577897245468e-05	0.0	0.0
Amoebophilaceae	0.0	5.5423155794490936e-05	0.0	0.0
Hahellaceae	0.0	0.0	5.124919923126201e-05	0.0
Trypanosomatidae	0.0	0.0	0.0	4.0990326282997215e-05
Thermotogales unclassified	0.0	0.0	0.0	0.0
Fungi unclassified	0.0	0.0	0.0	0.0
Ascomycota unclassified	7.198387561186294e-05	0.0	0.0	0.0
Chloroflexia unclassified	0.0	2.7711577897245468e-05	0.0	0.0
Thiotrichales unclassified	0.0	2.7711577897245468e-05	0.0	0.0
Acidimicrobiales unclassified	0.0	0.0	0.0	0.0
Methanosarcinales unclassified	0.0	0.0	2.5624599615631006e-05	0.0
Vibrionales unclassified	0.0	0.0	0.0	4.0990326282997215e-05
Sphingobacteriales unclassified	0.0	0.0	0.0	0.0
Thermotogae unclassified	0.0	0.0	0.0	0.0
Synergistetes unclassified	0.0	0.0	2.5624599615631006e-05	0.0
Nevskiales unclassified	0.0	0.0	0.0	0.0
TACK group unclassified	0.0	0.0	0.0	4.0990326282997215e-05
Ferroplasmaceae	7.198387561186294e-05	0.0	0.0	4.0990326282997215e-05
Spiroplasmataceae	0.0	0.0	2.5624599615631006e-05	0.0
Desulfurococcaceae	0.0	0.0	0.0	0.0
Apicomplexa unclassified	0.0	0.0	0.0	0.0
Thermoprotei unclassified	0.0	0.0	0.0	4.0990326282997215e-05
Thermodesulfobacteriaceae	0.0	0.0	0.0	0.0
Plasmodiidae	0.0	0.0	0.0	0.0
Hypocreales unclassified	0.0	0.0	0.0	0.0
Ophiostomataceae	0.0	0.0	0.0	0.0
Hypocreomycetidae unclassified	0.0	0.0	2.5624599615631006e-05	0.0
Methanococcaceae	0.0	2.7711577897245468e-05	2.5624599615631006e-05	0.0
Saccharospirillaceae	0.0	2.7711577897245468e-05	0.0	0.0
Candidatus Bathyarchaeota unclassified	0.0	2.7711577897245468e-05	0.0	4.0990326282997215e-05
Methanomassiliicoccaceae	0.0	0.0	0.0	0.0
Candidatus Diapherotrites unclassified	0.0	0.0	2.5624599615631006e-05	4.0990326282997215e-05
Methanocorpusculaceae	0.0	0.0	0.0	0.0
Sulfolobaceae	0.0	0.0	0.0	0.0
Sanguibacteraceae	0.0	0.0	0.0	0.0
Dictyoglomaceae	0.0	0.0	0.0	4.0990326282997215e-05
Nodaviridae	0.0	0.0	0.0	4.0990326282997215e-05
Parvoviridae	0.0	0.0	0.0	4.0990326282997215e-05
Viruses unclassified	0.0	0.0	0.0	0.0
Fibrobacteres unclassified	7.198387561186294e-05	0.0	0.0	0.0
Aeromonadales unclassified	0.0	0.0	0.0	4.0990326282997215e-05
Thermoplasmata unclassified	0.0	0.0	0.0	0.0
Fusobacteriales unclassified	0.0	0.0	0.0	0.0
Porticoccaceae	0.0	0.0	0.0	0.0
Acholeplasmatales unclassified	0.0	0.0	0.0	0.0
Methanococcales unclassified	0.0	0.0	0.0	0.0
Eurotiales unclassified	0.0	0.0	0.0	0.0
Diaporthales unclassified	0.0	0.0	0.0	0.0
Caliciviridae	0.0	0.0	0.0	0.0
Entomoplasmataceae	0.0	0.0	0.0	0.0
Eucoccidiorida unclassified	0.0	0.0	0.0	0.0
Eurotiomycetes unclassified	0.0	0.0	0.0	0.0
Bacteriovoracaceae	0.0	0.0	0.0	0.0
Sordariomyceta unclassified	0.0	0.0	0.0	0.0
Ustilaginaceae	0.0	0.0	0.0	0.0
Fuselloviridae	0.0	0.0	0.0	0.0
Podoviridae	0.0	0.0	0.0	0.0
Inoviridae	0.0	0.0	0.0	0.0
DsDNA viruses, no RNA stage unclassified	0.0	0.0	0.0	0.0
Mycosphaerellaceae	0.0	0.0	0.0	0.0
Saccharomycetales unclassified	0.0	2.7711577897245468e-05	0.0	0.0
Agaricales unclassified	0.0	2.7711577897245468e-05	0.0	0.0
Eimeriidae	0.0	2.7711577897245468e-05	0.0	0.0
Agaricomycetes unclassified	0.0	0.0	0.0	0.0
Dicistroviridae	0.0	2.7711577897245468e-05	0.0	0.0
Candidatus Calescamantes unclassified	0.0	2.7711577897245468e-05	0.0	0.0
Bromoviridae	0.0	0.0	0.0	0.0
Secoviridae	0.0	0.0	0.0	0.0
Retroviridae	0.0	0.0	0.0	0.0
Ktedonobacteria unclassified	0.0	0.0	0.0	0.0
Actinopolysporaceae	0.0	0.0	0.0	0.0
Mucorales unclassified	0.0	0.0	0.0	0.0
Polyporaceae	0.0	0.0	0.0	0.0
Picornaviridae	0.0	0.0	0.0	0.0
Lentisphaerae unclassified	0.0	0.0	0.0	0.0
Psychromonadaceae	0.0	0.0	0.0	0.0
Microbulbiferaceae	0.0	0.0	0.0	0.0
Siphoviridae	0.0	0.0	0.0	0.0
Tombusviridae	0.0	0.0	0.0	0.0
Kineosporiaceae	0.0	0.0	0.0	0.0
Desulfurellaceae	0.0	0.0	0.0	0.0
Thermodesulfobiaceae	0.0	0.0	0.0	0.0
Methanocellaceae	0.0	0.0	0.0	0.0
Candidatus Yanofskybacteria unclassified	0.0	0.0	0.0	0.0
Succinivibrionaceae	0.0	0.0	0.0	4.0990326282997215e-05
Archaeoglobaceae	0.0	0.0	0.0	0.0
Pyrodictiaceae	0.0	0.0	0.0	0.0
Herpesviridae	0.0	0.0	0.0	0.0
Microviridae	0.0	0.0	0.0	0.0
Reoviridae	0.0	0.0	0.0	0.0
Myxotrichaceae	0.0	0.0	0.0	0.0
Candidatus Microgenomates unclassified	0.0	0.0	0.0	0.0
Erysipelotrichaceae	0.0	0.0	0.0	0.0
Catenulisporales unclassified	0.0	0.0	0.0	0.0
Mimiviridae	0.0	0.0	0.0	0.0
Desulfurobacteriaceae	0.0	0.0	0.0	0.0
Kiloniellaceae	0.0	0.0	0.0	0.0
Methanoregulaceae	0.0	0.0	0.0	0.0
Chlorobi unclassified	0.0	0.0	0.0	0.0
Prochlorales unclassified	0.0	0.0	0.0	0.0
Deinococcus-Thermus unclassified	0.0	0.0	0.0	0.0
Actinomycetales unclassified	0.0	0.0	0.0	0.0
Thermococcales unclassified	0.0	0.0	0.0	0.0
Nitrosomonadales unclassified	0.0	0.0	0.0	0.0
Fusobacteria unclassified	0.0	0.0	0.0	0.0
Opisthokonta unclassified	0.0	0.0	0.0	0.0
SsRNA positive-strand viruses, no DNA stage unclassified	0.0	0.0	0.0	0.0
Halanaerobiales unclassified	0.0	0.0	0.0	0.0
Thermales unclassified	0.0	0.0	0.0	0.0
Nidovirales unclassified	0.0	0.0	0.0	0.0
Bifidobacteriales unclassified	0.0	0.0	0.0	0.0
Micromonosporales unclassified	0.0	0.0	0.0	0.0
Pseudonocardiales unclassified	0.0	0.0	0.0	0.0
Streptomycetales unclassified	0.0	0.0	0.0	0.0
Glycomycetales unclassified	0.0	0.0	0.0	0.0
Enterobacteriales unclassified	0.0	0.0	0.0	0.0
Pleosporales unclassified	0.0	0.0	0.0	0.0
Sphingobacteriia unclassified	0.0	0.0	0.0	0.0
Hydrogenophilales unclassified	0.0	0.0	0.0	0.0
Pasteurellales unclassified	0.0	0.0	0.0	0.0
Gemmatimonadetes unclassified	0.0	0.0	0.0	0.0
Mycetozoa unclassified	0.0	0.0	0.0	0.0
Pezizomycotina unclassified	0.0	0.0	0.0	0.0
Dothideomycetes unclassified	0.0	0.0	0.0	0.0
Thermococci unclassified	0.0	0.0	0.0	0.0
Herpetosiphonales unclassified	0.0	0.0	0.0	0.0
Nitrospirales unclassified	0.0	0.0	0.0	0.0
Chlorobia unclassified	0.0	0.0	0.0	0.0
Chlorobiales unclassified	0.0	0.0	0.0	0.0
Fusobacteriia unclassified	0.0	0.0	0.0	0.0
Verrucomicrobiae unclassified	0.0	0.0	0.0	0.0
Spirochaetia unclassified	0.0	0.0	0.0	0.0
Nitrospira unclassified	0.0	0.0	0.0	0.0
Chlamydiia unclassified	0.0	0.0	0.0	0.0
Acidobacteriia unclassified	0.0	0.0	0.0	0.0
Acidobacteriales unclassified	0.0	0.0	0.0	0.0
Caulobacterales unclassified	0.0	0.0	0.0	0.0
Rhodocyclales unclassified	0.0	0.0	0.0	0.0
Gemmatimonadales unclassified	0.0	0.0	0.0	0.0
Nautiliales unclassified	0.0	0.0	0.0	0.0
Parvularculales unclassified	0.0	0.0	0.0	0.0
Anaerolineales unclassified	0.0	0.0	0.0	0.0
Gloeobacteria unclassified	0.0	0.0	0.0	0.0
Solibacteres unclassified	0.0	0.0	0.0	0.0
Opitutales unclassified	0.0	0.0	0.0	0.0
Puniceicoccales unclassified	0.0	0.0	0.0	0.0
SsRNA viruses unclassified	0.0	0.0	0.0	0.0
Pleosporomycetidae unclassified	0.0	0.0	0.0	0.0
Desulfarculales unclassified	0.0	0.0	0.0	0.0
Caldilineae unclassified	0.0	0.0	0.0	0.0
Caldilineales unclassified	0.0	0.0	0.0	0.0
Holophagae unclassified	0.0	0.0	0.0	0.0
Clostridiales incertae sedis unclassified	0.0	0.0	0.0	0.0
Amoebozoa unclassified	0.0	0.0	0.0	0.0
Holophagales unclassified	0.0	0.0	0.0	0.0
Synergistia unclassified	0.0	0.0	0.0	0.0
Phycisphaerales unclassified	0.0	0.0	0.0	0.0
Pleosporineae unclassified	0.0	0.0	0.0	0.0
Dothideomyceta unclassified	0.0	0.0	0.0	0.0
Methylacidiphilales unclassified	0.0	0.0	0.0	0.0
Cytophagia unclassified	0.0	0.0	0.0	0.0
Negativicutes unclassified	0.0	0.0	0.0	0.0
Bacteroidetes Order II. Incertae sedis unclassified	0.0	0.0	0.0	0.0
Dehalococcoidales unclassified	0.0	0.0	0.0	0.0
Jiangellales unclassified	0.0	0.0	0.0	0.0
Nitrospinae unclassified	0.0	0.0	0.0	0.0
Nitrospinia unclassified	0.0	0.0	0.0	0.0
Nitrospinales unclassified	0.0	0.0	0.0	0.0
Thermoleophilia unclassified	0.0	0.0	0.0	0.0
Roseiflexineae unclassified	0.0	0.0	0.0	0.0
Geodermatophilales unclassified	0.0	0.0	0.0	0.0
Brachyspirales unclassified	0.0	0.0	0.0	0.0
Leptospirales unclassified	0.0	0.0	0.0	0.0
Eggerthellales unclassified	0.0	0.0	0.0	0.0
Haloferacales unclassified	0.0	0.0	0.0	0.0
Natrialbales unclassified	0.0	0.0	0.0	0.0
DPANN group unclassified	0.0	0.0	0.0	0.0
Cyanobacteria/Melainabacteria group unclassified	0.0	0.0	0.0	0.0
Nitrospinae/Tectomicrobia group unclassified	0.0	0.0	0.0	0.0
Mycoplasmatales unclassified	0.0	0.0	0.0	0.0
Methanobacteriales unclassified	0.0	0.0	0.0	0.0
Methanobacteria unclassified	0.0	0.0	0.0	0.0
Tenericutes unclassified	0.0	0.0	0.0	0.0
Tissierellales unclassified	0.0	0.0	0.0	0.0
Thermoproteales unclassified	0.0	0.0	0.0	0.0
Coccidia unclassified	0.0	0.0	0.0	0.0
Haemosporida unclassified	0.0	0.0	0.0	0.0
Aquificales unclassified	0.0	0.0	0.0	0.0
Alveolata unclassified	0.0	0.0	0.0	0.0
Pelagibacterales unclassified	0.0	0.0	0.0	0.0
Thermodesulfobacteria unclassified	0.0	0.0	0.0	0.0
Rubrobacteria unclassified	0.0	0.0	0.0	0.0
Rubrobacterales unclassified	0.0	0.0	0.0	0.0
Sphaerobacteridae unclassified	0.0	0.0	0.0	0.0
Sphaerobacterales unclassified	0.0	0.0	0.0	0.0
Desulfurococcales unclassified	0.0	0.0	0.0	0.0
Methanococci unclassified	0.0	0.0	0.0	0.0
Entomoplasmatales unclassified	0.0	0.0	0.0	0.0
Aquificae unclassified	0.0	0.0	0.0	0.0
Thermodesulfobacteriales unclassified	0.0	0.0	0.0	0.0
Aquificae unclassified	0.0	0.0	0.0	0.0
Thermodesulfobacteria unclassified	0.0	0.0	0.0	0.0
Sordariomycetidae unclassified	0.0	0.0	0.0	0.0
Sphaerobacterineae unclassified	0.0	0.0	0.0	0.0
Kordiimonadales unclassified	0.0	0.0	0.0	0.0
Aconoidasida unclassified	0.0	0.0	0.0	0.0
Eurotiomycetidae unclassified	0.0	0.0	0.0	0.0
Nitriliruptorales unclassified	0.0	0.0	0.0	0.0
Salinisphaerales unclassified	0.0	0.0	0.0	0.0
Nitriliruptoria unclassified	0.0	0.0	0.0	0.0
Nitrososphaerales unclassified	0.0	0.0	0.0	0.0
Conoidasida unclassified	0.0	0.0	0.0	0.0
Sulfuricellales unclassified	0.0	0.0	0.0	0.0
Nitrososphaeria unclassified	0.0	0.0	0.0	0.0
Kosmotogales unclassified	0.0	0.0	0.0	0.0
Limnochordia unclassified	0.0	0.0	0.0	0.0
Limnochordales unclassified	0.0	0.0	0.0	0.0
Ophiostomatales unclassified	0.0	0.0	0.0	0.0
Ustilaginomycetes unclassified	0.0	0.0	0.0	0.0
Ustilaginales unclassified	0.0	0.0	0.0	0.0
Caudovirales unclassified	0.0	0.0	0.0	0.0
SsDNA viruses unclassified	0.0	0.0	0.0	0.0
Capnodiales unclassified	0.0	0.0	0.0	0.0
Dothideomycetes incertae sedis unclassified	0.0	0.0	0.0	0.0
Dothideomycetidae unclassified	0.0	0.0	0.0	0.0
Botryosphaeriales unclassified	0.0	0.0	0.0	0.0
Ustilaginomycotina unclassified	0.0	0.0	0.0	0.0
Gallionellales unclassified	0.0	0.0	0.0	0.0
Candidatus Brocadiales unclassified	0.0	0.0	0.0	0.0
Ardenticatenia unclassified	0.0	0.0	0.0	0.0
Ardenticatenales unclassified	0.0	0.0	0.0	0.0
Saccharomycetes unclassified	0.0	0.0	0.0	0.0
Agaricomycotina unclassified	0.0	0.0	0.0	0.0
Saccharomycotina unclassified	0.0	0.0	0.0	0.0
Eimeriorina unclassified	0.0	0.0	0.0	0.0
Agaricomycetidae unclassified	0.0	0.0	0.0	0.0
Picornavirales unclassified	0.0	0.0	0.0	0.0
Archaea candidate phyla unclassified	0.0	0.0	0.0	0.0
Nitrosopumilales unclassified	0.0	0.0	0.0	0.0
Chrysiogenetes unclassified	0.0	0.0	0.0	0.0
Chrysiogenales unclassified	0.0	0.0	0.0	0.0
Chrysiogenetes unclassified	0.0	0.0	0.0	0.0
Ignavibacteria unclassified	0.0	0.0	0.0	0.0
Ignavibacteriales unclassified	0.0	0.0	0.0	0.0
Ignavibacteriae unclassified	0.0	0.0	0.0	0.0
Methanomassiliicoccales unclassified	0.0	0.0	0.0	0.0
Kinetoplastida unclassified	0.0	0.0	0.0	0.0
Euglenozoa unclassified	0.0	0.0	0.0	0.0
Retro-transcribing viruses unclassified	0.0	0.0	0.0	0.0
Actinopolysporales unclassified	0.0	0.0	0.0	0.0
Sulfolobales unclassified	0.0	0.0	0.0	0.0
Polyporales unclassified	0.0	0.0	0.0	0.0
Dictyoglomi unclassified	0.0	0.0	0.0	0.0
Fungi incertae sedis unclassified	0.0	0.0	0.0	0.0
Dictyoglomia unclassified	0.0	0.0	0.0	0.0
Dictyoglomales unclassified	0.0	0.0	0.0	0.0
Agaricomycetes incertae sedis unclassified	0.0	0.0	0.0	0.0
Mucoromycotina unclassified	0.0	0.0	0.0	0.0
Desulfurellales unclassified	0.0	0.0	0.0	0.0
Methanocellales unclassified	0.0	0.0	0.0	0.0
Kineosporiales unclassified	0.0	0.0	0.0	0.0
Fimbriimonadia unclassified	0.0	0.0	0.0	0.0
Fimbriimonadales unclassified	0.0	0.0	0.0	0.0
Archaeoglobales unclassified	0.0	0.0	0.0	0.0
DsRNA viruses unclassified	0.0	0.0	0.0	0.0
Leotiomycetes unclassified	0.0	0.0	0.0	0.0
Archaeoglobi unclassified	0.0	0.0	0.0	0.0
Leotiomycetes incertae sedis unclassified	0.0	0.0	0.0	0.0
Erysipelotrichia unclassified	0.0	0.0	0.0	0.0
Erysipelotrichales unclassified	0.0	0.0	0.0	0.0
Herpesvirales unclassified	0.0	0.0	0.0	0.0
Kiloniellales unclassified	0.0	0.0	0.0	0.0
Desulfurobacteriales unclassified	0.0	0.0	0.0	0.0
