	1	2	3	4
Rhodobacteraceae	0.2248910787198613	0.0948102391314521	0.10833151377148383	0.07973755763092565
Desulfobacteraceae	0.148338237642282	0.053816275913706774	0.03371908044542874	0.05384797257359026
Bacteria unclassified	0.03535664590889391	0.07730825026908138	0.06419414205059422	0.0753930724671947
Proteobacteria unclassified	0.03234562832181391	0.05971266788338247	0.04738139056115288	0.06764984040666745
Alphaproteobacteria unclassified	0.03341773306872876	0.03954326360615845	0.035091549954770894	0.03428301217638019
Nonspecific/Host	0.01366363283834029	0.028499227853432542	0.08178670576125269	0.03360326279702092
Actinobacteria unclassified	0.013960172449189078	0.036127100004679676	0.02960167191740229	0.0339283603262797
Ectothiorhodospiraceae	0.03045233696024088	0.01216715803266414	0.008921051810723977	0.010580446861331127
Rhizobiales unclassified	0.021966741942106342	0.022743226168749124	0.019994385352007236	0.02048114434330299
Bradyrhizobiaceae	0.027851912680489976	0.018391127333988486	0.020680620106678312	0.020244709776569333
Rhodospirillaceae	0.020484043887862406	0.020216201038888108	0.018684300820362456	0.02187019742286322
Chromatiaceae	0.014347955017222108	0.0300903177500117	0.017374216288717676	0.027751507270362928
Desulfovibrionaceae	0.013207418052419078	0.02171369741213908	0.018060451043388753	0.02583047641565197
Sphingomonadaceae	0.015465681242729077	0.01413262202255604	0.01250818802832278	0.013801867833077196
Methylobacteriaceae	0.017016811514861195	0.013477467359258739	0.01191553074019776	0.01516136659179572
Deltaproteobacteria unclassified	0.007162572138963024	0.02101174598717769	0.011291680963224056	0.01997872088899397
Pseudomonadaceae	0.010378886379707566	0.01446019935420469	0.01185314576250039	0.015545572762737912
Rhizobiaceae	0.0156253564178015	0.012354345079320511	0.010449483764309554	0.011614848090790874
Phyllobacteriaceae	0.014690116106663017	0.010154897281108147	0.008952244299572663	0.009664262915238208
Gammaproteobacteria unclassified	0.00816624466798969	0.013571060882586925	0.012757727939112262	0.012294597470150137
Bacillaceae	0.00116334770409909	0.0011699190416023211	0.01924576561963879	0.00200969381723608
Chroococcales unclassified	0.029357421474029973	0.0012635125649305067	0.01597055429052684	0.0018323678921858375
Burkholderiales unclassified	0.006797600310226054	0.013758247929243296	0.009357746654605571	0.012590140678567207
Betaproteobacteria unclassified	0.005930792216975752	0.013149890027610089	0.007829314701019994	0.013417661662135004
Burkholderiaceae	0.005588631127534843	0.011231222799382283	0.008016469634112107	0.010314457973755763
Oscillatoriales unclassified	0.0072994365747393875	0.0008891384716177641	0.027854892541875915	0.0010935098711431612
Comamonadaceae	0.005155227080909692	0.006457953109644813	0.0061137278143423065	0.00904362217756236
Aurantimonadaceae	0.009033052761239991	0.005943188731339791	0.007111887457500234	0.006767939472750916
Xanthomonadaceae	0.004402472684139693	0.007019514249613927	0.00595776537009888	0.0067383851519092096
Myxococcales unclassified	0.001049294007618787	0.004398895596424727	0.004398140927664619	0.004699137013831422
Hyphomonadaceae	0.005520198909646661	0.002807805699845571	0.0065504226582239	0.0033987468967963115
Acetobacteraceae	0.00622733182782454	0.008517010622864897	0.005926572881250195	0.008777633289986996
Rhodospirillales unclassified	0.00622733182782454	0.010763255182741354	0.00583299541470414	0.007743232060527249
Aspergillaceae	2.2810739296060585e-05	0.0	0.00923297669921083	0.0
Terrabacteria group unclassified	0.003467232373001209	0.007534278627918948	0.008609126922237125	0.007299917247901643
Streptomycetaceae	0.0031022605442642395	0.006879123964621648	0.00595776537009888	0.007891003664735784
Eukaryota unclassified	0.00392344715892242	0.004492489119752913	0.006831155057862067	0.005467549355715805
Erythrobacteraceae	0.005155227080909692	0.0042585053114324485	0.0073926198571384015	0.004285376522047524
Halomonadaceae	0.006044845913456055	0.0032289765548224065	0.0028385164852303565	0.004108050596997281
Geobacteraceae	0.003558475330185451	0.008657400907857176	0.0048348357715462115	0.009634708594396501
Desulfobulbaceae	0.004767444512876662	0.007347091581262576	0.004897220749243582	0.00874807896914529
Hyphomicrobiaceae	0.005132416341613631	0.005381627591370677	0.005021990704638323	0.00472869133467313
Unclassified Gammaproteobacteria unclassified	0.004242797509067269	0.005943188731339791	0.0050843756823356935	0.006413287622650431
Marinilabiliaceae	0.0021670202331257556	0.00028078056998455706	0.001060544620855298	0.0002659888875753635
Alteromonadaceae	0.0016879947079084833	0.0007487481866254855	0.0008421971989145013	0.0008275209835677976
Caulobacteraceae	0.004128743812586966	0.0038373344564556133	0.0040550235503290805	0.0036351814635299682
Planctomycetes unclassified	0.0014370765756518168	0.006925920726285741	0.0036495211952961727	0.007743232060527249
Halanaerobiaceae	0.0009580510504345446	0.0	0.0	0.0
Phycisphaerae unclassified	0.001482698054243938	0.0072534980579343905	0.0040550235503290805	0.007506797493793593
Polyangiaceae	0.001049294007618787	0.005194440544714306	0.0046476808384541	0.004876462938881665
Methylocystaceae	0.004379661944843632	0.004586082643081099	0.0033064038179606353	0.0034578555384797258
Rhodocyclaceae	0.0030110175870799974	0.0036033506481351492	0.002900901462927727	0.00452181108878118
Microbacteriaceae	0.0015511302721321197	0.0031821797931583136	0.004460525905361988	0.003605627142688261
Enterobacteriaceae	0.002075777275941513	0.004164911788104264	0.0046476808384541	0.0034578555384797258
Planctomycetaceae	0.0007755651360660599	0.006036782254667977	0.003587136217598802	0.004462702447097766
Bacteroidetes unclassified	0.008485595018134538	0.0013571060882586925	0.002495399107894819	0.00150727036292706
Acidobacteria unclassified	0.0013002121398754533	0.003930927979783799	0.0033687887956580054	0.0033691925759546048
Nannocystaceae	0.0003421610894409088	0.001497496373250971	0.001715586886677688	0.0012117271545099893
Xanthobacteraceae	0.003421610894409088	0.002807805699845571	0.0025265915967435043	0.003103203688379241
Spirochaetaceae	0.005246470038093935	0.0032289765548224065	0.004398140927664619	0.0019801394963943728
Unclassified Bacteria unclassified	0.0014598873149478774	0.0031353830314942207	0.0039302535949343395	0.004758245655514836
Verrucomicrobia unclassified	0.0029882068477839366	0.0057092049230193275	0.0053339155931251755	0.0008570753044095047
Mycobacteriaceae	0.0015739410114281804	0.0036501474097992417	0.002588976574440875	0.003250975292587776
Oxalobacteraceae	0.0016879947079084833	0.0031821797931583136	0.003150441373717209	0.0029849864050124127
Opitutaceae	0.002098588015237574	0.00477326968973747	0.0028385164852303565	0.004699137013831422
Phycisphaeraceae	0.0012774014005793928	0.003088586269830128	0.0030880563960198385	0.002925877763328999
Desulfarculaceae	0.0020301557973493923	0.004960456736393842	0.0020275117751645403	0.004551365409622887
Anaerolineaceae	0.0003193503501448482	0.005007253498057934	0.0040550235503290805	0.004551365409622887
Myxococcaceae	0.000547457743105454	0.0021994477982123636	0.002776131507532986	0.0037238444260550892
Clostridiales unclassified	0.000980861789730605	0.004024521503111985	0.0025577840855921896	0.002659888875753635
Hypocreaceae	0.0	0.0	0.0	2.955432084170706e-05
Alcaligenaceae	0.001870480622276968	0.0017314801815714353	0.0016220094201316324	0.0024234543090199787
Flavobacteriaceae	0.00232669540819818	0.0012635125649305067	0.0017467793755263732	0.0008275209835677976
Gemmatimonadaceae	0.0004562147859212117	0.0016846834199073424	0.0020587042640132255	0.003103203688379241
Actinobacteria unclassified	0.0008439973539542417	0.0022462445598764565	0.0026201690632895597	0.0033987468967963115
Cyclobacteriaceae	0.0108807226442209	4.6796761664092844e-05	0.0003431173773355376	2.955432084170706e-05
Rhodobiaceae	0.002189830972421816	0.0018250737048996209	0.002245859197105337	0.0021574654214446152
Cystobacteraceae	0.0006387007002896964	0.002714212176517385	0.0022770516859540223	0.0028372148008038774
Nocardiaceae	0.0007299436574739387	0.0019654639898918995	0.002370629152500078	0.0024234543090199787
Nocardioidaceae	0.000547457743105454	0.001497496373250971	0.0031192488848685238	0.0018914765338692518
Bacteroidaceae	0.0018476698829809075	0.003088586269830128	0.0014972394647368914	0.002098356779761201
Rhodanobacteraceae	0.0013686443577636351	0.002386634844868735	0.0014660469758882061	0.0019801394963943728
Desulfohalobiaceae	0.000935240311138484	0.0020590575132200853	0.0009669671543092424	0.00200969381723608
Beijerinckiaceae	0.0023951276260863615	0.0017314801815714353	0.0016843943978290027	0.0017141506088190093
Sphingomonadales unclassified	0.0018932913615730285	0.0020122607515559924	0.002900901462927727	0.0018914765338692518
Firmicutes unclassified	0.0013458336184675745	0.0025738218915251064	0.0014972394647368914	0.002098356779761201
Anaeromyxobacteraceae	0.0007071329181778781	0.002433431606532828	0.002339436663651393	0.0025121172715450997
Bacteroidales unclassified	0.00232669540819818	0.0025270251298610135	0.0015284319535855766	0.0014481617212436459
Methylococcaceae	0.001208969182691211	0.0023398380832046423	0.0019027418197697995	0.0021574654214446152
Micrococcales unclassified	0.0007527543967699994	0.0022930413215405494	0.0014660469758882061	0.0018323678921858375
Isosphaeraceae	0.0004562147859212117	0.0025270251298610135	0.003025671418322468	0.002068802458919494
Hydrogenophilaceae	0.00036497182873696936	0.0013103093265945996	0.0009045821766118718	0.0007979666627260906
Aeromonadaceae	0.0015055087935399987	0.0019186672282278066	0.0014660469758882061	0.0022461283839697362
Sandaracinaceae	0.00043340404662515114	0.0013571060882586925	0.0016532019089803176	0.0017437049296607165
Kofleriaceae	0.0005018362645133329	0.001497496373250971	0.001341277020493465	0.0015959333254521812
Desulfomicrobiaceae	0.001642373229316362	0.0021994477982123636	0.0016220094201316324	0.0019801394963943728
Acidobacteriaceae	0.00020529665366454526	0.0016378866582432495	0.0014348544870395209	0.0028667691216455846
Verrucomicrobiaceae	0.001049294007618787	0.0018718704665637137	0.0014972394647368914	0.0027189975174370493
Paenibacillaceae	0.0011861584433951503	0.0017314801815714353	0.001715586886677688	0.0015959333254521812
Desulfonatronaceae	0.0011177262255069687	0.0025738218915251064	0.0013724695093421503	0.002098356779761201
Micrococcaceae	0.0007527543967699994	0.0022462445598764565	0.0016532019089803176	0.00150727036292706
Rhodothermaceae	0.00036497182873696936	0.0016378866582432495	0.001341277020493465	0.0018323678921858375
Unclassified Verrucomicrobia unclassified	0.0	0.0	0.0	0.005083343184773614
Thermaceae	0.0004562147859212117	0.001497496373250971	0.0014972394647368914	0.0022165740631280295
Methanosarcinaceae	0.0001596751750724241	9.359352332818569e-05	6.238497769737047e-05	0.00011821728336682824
Corynebacteriales unclassified	0.0006158899609936358	0.0011699190416023211	0.0011541220874013538	0.0015959333254521812
Cyanobacteria unclassified	0.0010721047469148476	0.0005615611399691141	0.0032440188402632648	0.00032509752925877764
Xanthomonadales unclassified	0.0007299436574739387	0.001216715803266414	0.0011229295985526685	0.0012117271545099893
Chromobacteriaceae	0.0006158899609936358	0.0012635125649305067	0.0010293521320066128	0.0012412814753516965
Syntrophaceae	0.0007299436574739387	0.002480228368196921	0.0007798122212171309	0.002364345667336565
Sinobacteraceae	0.0007527543967699994	0.0013103093265945996	0.0009981596431579275	0.0013003901170351106
Solibacteraceae	0.0004562147859212117	0.0010295287566100427	0.0006862347546710752	0.001063955550301454
Oscillatoriophycideae unclassified	0.0009580510504345446	0.0004211708549768356	0.0020587042640132255	0.00044331481262560585
Desulfuromonadaceae	0.0006615114395857569	0.001497496373250971	0.001060544620855298	0.0017437049296607165
Bacillales unclassified	0.0006615114395857569	0.0012635125649305067	0.001185314576250039	0.001566379004610474
Chloroflexi unclassified	0.00038778256803302994	0.0015910898965791568	0.0009357746654605571	0.0013890530795602318
Parcubacteria group unclassified	0.0006387007002896964	0.0010763255182741354	0.0008733896877631866	0.0009161839460929187
Saprospiraceae	0.00025091813225666643	0.0	0.0006862347546710752	0.0
Prolixibacteraceae	0.0019161021008690892	0.00014039028499227853	6.238497769737047e-05	8.866296252512117e-05
Rhodobacterales unclassified	0.0009124295718424234	0.0004211708549768356	0.0009981596431579275	0.0006501950585175553
Desulfovibrionales unclassified	0.0007755651360660599	0.001497496373250971	0.0008110047100658162	0.0013003901170351106
Rikenellaceae	0.0004562147859212117	0.0008891384716177641	0.0011229295985526685	0.0009752925877763329
Deinococcaceae	0.0003421610894409088	0.0007955449482895784	0.0009357746654605571	0.0013594987587185246
Cytophagaceae	0.0005246470038093935	0.0003275773316486499	0.0004055023550329081	0.00047286913346731294
Cystobacterineae unclassified	0.0001368644357763635	0.0007955449482895784	0.0010917371097039833	0.0008570753044095047
Syntrophobacteraceae	0.00043340404662515114	0.0018718704665637137	0.0008421971989145013	0.0016550419671355952
Porphyromonadaceae	0.0006158899609936358	0.0007019514249613927	0.0008110047100658162	0.0005615320959924341
Clostridia unclassified	0.0004105933073290905	0.0011699190416023211	0.0009045821766118718	0.0014481617212436459
Pseudonocardiaceae	0.0003193503501448482	0.0008423417099536712	0.0008733896877631866	0.0011821728336682824
Nocardiopsaceae	0.0003193503501448482	0.0014039028499227854	0.0009045821766118718	0.001034401229459747
Labilitrichaceae	0.00022810739296060586	0.0005615611399691141	0.00046788733273027855	0.0006797493793592623
Scytonemataceae	0.0004562147859212117	0.00037437409331274275	0.0009045821766118718	0.0003546518501004847
Holophagaceae	0.0004105933073290905	0.0008423417099536712	0.0006238497769737048	0.0011821728336682824
Intrasporangiaceae	0.00038778256803302994	0.0007487481866254855	0.0005614647992763343	0.0006501950585175553
Bacteria candidate phyla unclassified	0.00018248591436848468	0.0018250737048996209	0.0006550422658223899	0.0012412814753516965
Pelobacteraceae	0.0005702684824015146	0.0008423417099536712	0.001185314576250039	0.0011230641919848681
Vulgatibacteraceae	0.0001596751750724241	0.0007019514249613927	0.0007486197323684457	0.0009161839460929187
Nitrosomonadaceae	2.2810739296060585e-05	0.0	0.0	0.0
Anaerolineae unclassified	4.562147859212117e-05	0.000608357901633207	0.0007486197323684457	0.0017732592505024234
Nostocaceae	0.0004790255252172723	0.0003275773316486499	0.0011229295985526685	8.866296252512117e-05
Acidimicrobiaceae	4.562147859212117e-05	0.0009827319949459498	0.0008421971989145013	0.0009457382669346259
Actinomycetaceae	0.0003421610894409088	0.0008891384716177641	0.0005614647992763343	0.0005910864168341412
Solirubrobacteraceae	0.00011405369648030293	0.000608357901633207	0.0007486197323684457	0.0008866296252512117
Frankiaceae	0.00038778256803302994	0.0003275773316486499	0.0006238497769737048	0.0006206407376758482
Chromatiales unclassified	0.0004105933073290905	0.0005147643783050213	0.000530272310427649	0.0007684123418843835
Competibacteraceae	0.0005018362645133329	0.00046796761664092844	0.0009981596431579275	0.0006206407376758482
Corynebacteriaceae	0.00025091813225666643	0.0006551546632972998	0.0007174272435197604	0.001063955550301454
Parvularculaceae	0.00025091813225666643	0.00023398380832046422	0.0008733896877631866	0.0002955432084170706
Micromonosporaceae	0.00025091813225666643	0.0007487481866254855	0.00046788733273027855	0.0006797493793592623
Prevotellaceae	0.0004562147859212117	0.00037437409331274275	0.0006238497769737048	0.00044331481262560585
Roseiflexaceae	2.2810739296060585e-05	0.00046796761664092844	0.0019027418197697995	0.0006797493793592623
Puniceicoccaceae	0.0008439973539542417	0.0003275773316486499	0.0004366948438815933	0.00023643456673365647
Moraxellaceae	0.00043340404662515114	0.0005147643783050213	0.0003431173773355376	0.0004137604917838988
Thermoplasmatales unclassified	2.2810739296060585e-05	0.0018250737048996209	0.0003119248884868524	0.001536824683768767
Vibrionaceae	0.0004790255252172723	0.00014039028499227853	0.0005926572881250195	0.0002659888875753635
Armatimonadetes unclassified	9.124295718424234e-05	0.00028078056998455706	0.00028073239963816713	0.0013890530795602318
Synergistaceae	0.0001368644357763635	0.001216715803266414	0.0006550422658223899	0.0007093037002009694
Clostridiaceae	0.00036497182873696936	0.0007955449482895784	0.000530272310427649	0.00047286913346731294
Cellulomonadaceae	0.0002965396108487876	0.0007487481866254855	0.0004990798215789638	0.0006501950585175553
Caldilineaceae	0.0	0.0008423417099536712	0.0006550422658223899	0.0007684123418843835
Veillonellaceae	0.00022810739296060586	0.0007487481866254855	0.0005614647992763343	0.0006797493793592623
Gordoniaceae	0.00020529665366454526	0.00046796761664092844	0.0003431173773355376	0.0002659888875753635
Chlorobiaceae	0.0007071329181778781	4.6796761664092844e-05	0.0002495399107894819	0.00050242345430902
Neisseriaceae	0.0003193503501448482	0.00046796761664092844	0.00046788733273027855	0.0005910864168341412
Archaea unclassified	6.843221788818175e-05	0.0013571060882586925	0.0007486197323684457	0.001063955550301454
Streptosporangiaceae	0.00011405369648030293	0.00046796761664092844	0.0004990798215789638	0.0005615320959924341
Prochlorotrichaceae	0.00018248591436848468	0.0	0.001715586886677688	0.0
Peptococcaceae	0.00025091813225666643	0.00046796761664092844	0.00037430986618422284	0.0007979666627260906
Thermomonosporaceae	0.00018248591436848468	0.00046796761664092844	0.0005926572881250195	0.0006501950585175553
Alcanivoracaceae	0.0001596751750724241	0.0004211708549768356	0.0007486197323684457	0.00047286913346731294
Brucellaceae	0.00038778256803302994	0.00018718704665637137	0.000530272310427649	0.0002659888875753635
Halobacteria unclassified	9.124295718424234e-05	0.000608357901633207	0.00037430986618422284	0.0005910864168341412
Lachnospiraceae	0.0002965396108487876	0.0005147643783050213	0.0005614647992763343	0.0003546518501004847
Candidatus Rokubacteria unclassified	0.00018248591436848468	0.0009359352332818569	0.00037430986618422284	0.0005615320959924341
Oscillochloridaceae	0.0	0.0	0.0013100845316447798	0.00032509752925877764
Verrucomicrobiales unclassified	0.0003193503501448482	0.0004211708549768356	0.0004055023550329081	0.00050242345430902
Dehalococcoidia unclassified	2.2810739296060585e-05	0.0010763255182741354	0.00028073239963816713	0.0007979666627260906
Flammeovirgaceae	0.00022810739296060586	0.0	0.0001559624442434262	0.0
Halothiobacillaceae	0.000273728871552727	0.0	0.00018715493309211142	0.00017732592505024234
Verrucomicrobia subdivision 3	0.0	0.0008423417099536712	0.0003431173773355376	0.0009752925877763329
Demequinaceae	0.00022810739296060586	0.0007019514249613927	0.0003431173773355376	0.00047286913346731294
Microgenomates group unclassified	0.0001368644357763635	0.0007487481866254855	0.00012476995539474094	0.0002955432084170706
Propionibacteriaceae	0.0001596751750724241	0.00037437409331274275	0.0002495399107894819	0.00050242345430902
Clostridiales Family XVII. Incertae Sedis	6.843221788818175e-05	0.00046796761664092844	0.0003431173773355376	0.00047286913346731294
Sphaerobacteraceae	4.562147859212117e-05	0.0008423417099536712	0.0004366948438815933	0.0005910864168341412
Stigonematales unclassified	0.0003193503501448482	4.6796761664092844e-05	0.0007798122212171309	5.910864168341412e-05
Thermithiobacillaceae	0.0001596751750724241	0.00023398380832046422	0.00018715493309211142	0.0002955432084170706
Nitrospiraceae	4.562147859212117e-05	0.00037437409331274275	0.0004366948438815933	0.0002659888875753635
Halieaceae	0.00025091813225666643	0.0	0.00028073239963816713	0.0006797493793592623
Chloroflexaceae	0.00022810739296060586	4.6796761664092844e-05	0.0004990798215789638	0.0005910864168341412
Haloferacaceae	4.562147859212117e-05	0.00037437409331274275	0.00028073239963816713	0.000531977775150727
Wenzhouxiangellaceae	0.00022810739296060586	0.0004211708549768356	0.0003431173773355376	0.0002955432084170706
Limnochordaceae	0.0001368644357763635	0.0004211708549768356	0.00028073239963816713	0.0004137604917838988
Symbiobacteriaceae	0.00025091813225666643	0.0005147643783050213	0.0004366948438815933	0.00032509752925877764
Solibacterales unclassified	0.0	4.6796761664092844e-05	0.0002495399107894819	0.0004137604917838988
Coriobacteriaceae	0.00020529665366454526	0.0003275773316486499	0.0003119248884868524	0.00044331481262560585
Syntrophorhabdaceae	0.0001368644357763635	0.0008891384716177641	0.00046788733273027855	0.0005615320959924341
Euryarchaeota unclassified	9.124295718424234e-05	0.0008891384716177641	0.00021834742194079665	0.00047286913346731294
Chitinophagaceae	0.0005018362645133329	4.6796761664092844e-05	3.1192488848685235e-05	5.910864168341412e-05
Conexibacteraceae	0.0001596751750724241	0.00046796761664092844	0.0004366948438815933	0.0003546518501004847
Desulfuromonadales unclassified	2.2810739296060585e-05	0.0004211708549768356	0.00018715493309211142	0.00047286913346731294
Bifidobacteriaceae	0.000273728871552727	0.0006551546632972998	0.0003431173773355376	0.0002068802458919494
Desulfobacterales unclassified	0.00022810739296060586	0.0004211708549768356	0.0004055023550329081	0.0004137604917838988
Gloeobacterales unclassified	0.0	0.00028078056998455706	0.000530272310427649	0.0
Kosmotogaceae	0.0001596751750724241	0.0	0.0	0.00011821728336682824
Nitrospinaceae	0.0	0.0	3.1192488848685235e-05	0.0005615320959924341
Microchaetaceae	6.843221788818175e-05	4.6796761664092844e-05	0.000530272310427649	0.0
Ruminococcaceae	0.00011405369648030293	0.00028078056998455706	0.0003119248884868524	0.0003546518501004847
Halobacteriaceae	9.124295718424234e-05	0.00018718704665637137	0.0002495399107894819	0.00038420617094219177
Ardenticatenaceae	0.0	0.00023398380832046422	0.0006550422658223899	0.0004137604917838988
Pseudomonadales unclassified	0.00020529665366454526	0.00028078056998455706	0.00021834742194079665	0.0001477716042085353
Streptosporangiales unclassified	9.124295718424234e-05	0.00028078056998455706	0.00021834742194079665	0.0004137604917838988
Sorangiineae unclassified	2.2810739296060585e-05	0.00023398380832046422	0.00012476995539474094	0.0002068802458919494
PVC group unclassified	0.0001596751750724241	0.0003275773316486499	0.00037430986618422284	0.00038420617094219177
Lactobacillaceae	0.0001596751750724241	0.00023398380832046422	0.0003119248884868524	0.00017732592505024234
Cloacimonetes unclassified	0.00020529665366454526	9.359352332818569e-05	0.00028073239963816713	0.0002955432084170706
Algiphilaceae	0.00020529665366454526	0.0	0.0003431173773355376	0.00017732592505024234
Trueperaceae	0.00011405369648030293	0.0	0.00021834742194079665	0.0004137604917838988
Bacilli unclassified	0.0001596751750724241	0.00014039028499227853	0.00012476995539474094	5.910864168341412e-05
Methylothermaceae	0.000273728871552727	0.0	0.0004990798215789638	0.0003546518501004847
Legionellaceae	9.124295718424234e-05	0.00023398380832046422	0.00018715493309211142	8.866296252512117e-05
Solirubrobacterales unclassified	0.00011405369648030293	0.00014039028499227853	0.00037430986618422284	0.00038420617094219177
Campylobacteraceae	0.00018248591436848468	0.00018718704665637137	0.00028073239963816713	0.0002068802458919494
Eggerthellaceae	4.562147859212117e-05	0.00028078056998455706	0.00021834742194079665	0.0002955432084170706
Patescibacteria group unclassified	0.0001596751750724241	0.00023398380832046422	0.00018715493309211142	0.0004137604917838988
Francisellaceae	0.0	4.6796761664092844e-05	0.0005614647992763343	0.0
Streptococcaceae	0.00020529665366454526	0.00023398380832046422	0.00021834742194079665	0.00017732592505024234
FCB group unclassified	2.2810739296060585e-05	9.359352332818569e-05	9.357746654605571e-05	0.0002955432084170706
Thermoanaerobacteraceae	9.124295718424234e-05	0.0005615611399691141	0.00018715493309211142	0.00032509752925877764
Nanoarchaeota unclassified	6.843221788818175e-05	0.0004211708549768356	0.00018715493309211142	0.0002659888875753635
Acidithiobacillales unclassified	0.0001596751750724241	0.00018718704665637137	0.00012476995539474094	0.0001477716042085353
Natrialbaceae	0.0001596751750724241	0.00014039028499227853	0.00012476995539474094	0.00044331481262560585
Pseudoalteromonadaceae	0.00020529665366454526	4.6796761664092844e-05	0.0002495399107894819	5.910864168341412e-05
Leotiomyceta unclassified	0.0	9.359352332818569e-05	0.00046788733273027855	0.0
Candidatus Moranbacteria unclassified	0.0001368644357763635	0.00023398380832046422	0.0002495399107894819	0.00017732592505024234
Cytophagales unclassified	9.124295718424234e-05	4.6796761664092844e-05	0.00012476995539474094	5.910864168341412e-05
Candidate division NC10 unclassified	0.0	0.0007955449482895784	0.00021834742194079665	0.0006501950585175553
Nostocales unclassified	0.0001596751750724241	4.6796761664092844e-05	0.00046788733273027855	0.0001477716042085353
Alicyclobacillaceae	4.562147859212117e-05	0.00018718704665637137	0.0001559624442434262	0.00050242345430902
Oscillospiraceae	4.562147859212117e-05	0.00014039028499227853	0.0002495399107894819	0.0002659888875753635
Planctomycetales unclassified	6.843221788818175e-05	0.00023398380832046422	0.00028073239963816713	0.00023643456673365647
Methylophilaceae	9.124295718424234e-05	4.6796761664092844e-05	0.00018715493309211142	0.00017732592505024234
Rubrobacteraceae	0.00018248591436848468	0.0	0.0	0.0002659888875753635
Marinimicrobia unclassified	6.843221788818175e-05	9.359352332818569e-05	0.00018715493309211142	0.0001477716042085353
Alteromonadales unclassified	0.0001368644357763635	9.359352332818569e-05	0.00021834742194079665	0.00017732592505024234
Akkermansiaceae	6.843221788818175e-05	0.00014039028499227853	9.357746654605571e-05	0.00047286913346731294
Promicromonosporaceae	0.00011405369648030293	0.0003275773316486499	6.238497769737047e-05	0.0002068802458919494
Omnitrophica unclassified	2.2810739296060585e-05	0.0007955449482895784	0.00012476995539474094	0.0005615320959924341
Helicobacteraceae	0.0001368644357763635	0.00014039028499227853	9.357746654605571e-05	0.00011821728336682824
Flavobacteriales unclassified	0.0001596751750724241	0.00018718704665637137	6.238497769737047e-05	5.910864168341412e-05
Atopobiaceae	6.843221788818175e-05	0.00018718704665637137	6.238497769737047e-05	0.0002955432084170706
Halobacteroidaceae	0.0010721047469148476	0.0	0.0	0.0
Nitriliruptoraceae	0.00025091813225666643	0.0	0.00018715493309211142	0.0001477716042085353
Bacteroidetes/Chlorobi group unclassified	9.124295718424234e-05	0.0	0.0001559624442434262	5.910864168341412e-05
Dermabacteraceae	0.0001368644357763635	4.6796761664092844e-05	9.357746654605571e-05	0.0002068802458919494
Candidatus Uhrbacteria unclassified	6.843221788818175e-05	0.0003275773316486499	0.0001559624442434262	0.00011821728336682824
Deinococci unclassified	9.124295718424234e-05	0.00018718704665637137	0.0001559624442434262	0.00017732592505024234
Patulibacteraceae	0.0	4.6796761664092844e-05	6.238497769737047e-05	5.910864168341412e-05
Fusobacteriaceae	0.0001368644357763635	0.00018718704665637137	9.357746654605571e-05	8.866296252512117e-05
Rivulariaceae	0.0	0.0	0.0006238497769737048	0.0
Geodermatophilaceae	4.562147859212117e-05	0.00014039028499227853	0.0004366948438815933	5.910864168341412e-05
Cryomorphaceae	4.562147859212117e-05	4.6796761664092844e-05	0.0001559624442434262	2.955432084170706e-05
Thermoactinomycetaceae	6.843221788818175e-05	9.359352332818569e-05	0.00018715493309211142	8.866296252512117e-05
Candidatus Peregrinibacteria unclassified	6.843221788818175e-05	0.00014039028499227853	9.357746654605571e-05	0.00017732592505024234
Thiotrichaceae	0.00018248591436848468	0.0	0.0004366948438815933	5.910864168341412e-05
Oceanospirillaceae	6.843221788818175e-05	4.6796761664092844e-05	9.357746654605571e-05	2.955432084170706e-05
Sulfuricellaceae	2.2810739296060585e-05	9.359352332818569e-05	3.1192488848685235e-05	0.0002955432084170706
Thaumarchaeota unclassified	2.2810739296060585e-05	9.359352332818569e-05	0.0	0.00017732592505024234
Candidatus Falkowbacteria unclassified	6.843221788818175e-05	0.00023398380832046422	9.357746654605571e-05	0.0002659888875753635
Leptospiraceae	4.562147859212117e-05	9.359352332818569e-05	0.00012476995539474094	0.0001477716042085353
Candidatus Atribacteria unclassified	4.562147859212117e-05	4.6796761664092844e-05	3.1192488848685235e-05	0.00011821728336682824
Staphylococcaceae	6.843221788818175e-05	4.6796761664092844e-05	0.00012476995539474094	8.866296252512117e-05
Sphingobacteriaceae	4.562147859212117e-05	0.0	0.00018715493309211142	5.910864168341412e-05
Shewanellaceae	0.0	0.00014039028499227853	0.00021834742194079665	2.955432084170706e-05
Prochlorococcaceae	2.2810739296060585e-05	0.00014039028499227853	9.357746654605571e-05	0.00011821728336682824
Simkaniaceae	0.0	4.6796761664092844e-05	6.238497769737047e-05	8.866296252512117e-05
Piscirickettsiaceae	0.00011405369648030293	0.0	0.00012476995539474094	0.00011821728336682824
Coriobacteriia unclassified	4.562147859212117e-05	0.00014039028499227853	0.00012476995539474094	5.910864168341412e-05
Oceanospirillales unclassified	4.562147859212117e-05	4.6796761664092844e-05	0.0001559624442434262	0.00011821728336682824
Cellvibrionaceae	6.843221788818175e-05	4.6796761664092844e-05	0.00012476995539474094	2.955432084170706e-05
Methanomicrobiaceae	2.2810739296060585e-05	9.359352332818569e-05	6.238497769737047e-05	2.955432084170706e-05
Candidatus Parcubacteria unclassified	2.2810739296060585e-05	0.0003275773316486499	0.0	0.00047286913346731294
Flavobacteriia unclassified	6.843221788818175e-05	4.6796761664092844e-05	9.357746654605571e-05	2.955432084170706e-05
Thermotogaceae	4.562147859212117e-05	9.359352332818569e-05	6.238497769737047e-05	0.0001477716042085353
Candidatus Magasanikbacteria unclassified	0.0	4.6796761664092844e-05	3.1192488848685235e-05	0.0002068802458919494
Pasteurellaceae	6.843221788818175e-05	9.359352332818569e-05	3.1192488848685235e-05	0.00011821728336682824
Sutterellaceae	4.562147859212117e-05	9.359352332818569e-05	9.357746654605571e-05	8.866296252512117e-05
Latescibacteria unclassified	0.00011405369648030293	0.0	0.0	0.0001477716042085353
Gallionellaceae	0.0	4.6796761664092844e-05	0.0	0.0
Enterococcaceae	4.562147859212117e-05	9.359352332818569e-05	6.238497769737047e-05	0.00011821728336682824
Chrysiogenaceae	0.0	0.00018718704665637137	0.0	0.00011821728336682824
Dermatophilaceae	2.2810739296060585e-05	9.359352332818569e-05	9.357746654605571e-05	0.0002955432084170706
Candidatus Hydrogenedentes unclassified	4.562147859212117e-05	4.6796761664092844e-05	9.357746654605571e-05	5.910864168341412e-05
Synergistales unclassified	4.562147859212117e-05	0.00023398380832046422	3.1192488848685235e-05	0.00011821728336682824
Candidate division Zixibacteria unclassified	0.0	4.6796761664092844e-05	0.0	2.955432084170706e-05
Dermacoccaceae	4.562147859212117e-05	0.00014039028499227853	6.238497769737047e-05	0.0
Bacteroidia unclassified	2.2810739296060585e-05	0.00014039028499227853	0.0001559624442434262	2.955432084170706e-05
Salinisphaeraceae	2.2810739296060585e-05	0.0	0.0	0.0
Ignavibacteriaceae	0.0	0.000608357901633207	0.0	0.0
Lactobacillales unclassified	6.843221788818175e-05	0.0	3.1192488848685235e-05	2.955432084170706e-05
Pleurocapsales unclassified	0.0001596751750724241	0.0	3.1192488848685235e-05	2.955432084170706e-05
Propionibacteriales unclassified	6.843221788818175e-05	9.359352332818569e-05	0.0	0.0
Verrucomicrobia subdivision 6	4.562147859212117e-05	0.00018718704665637137	0.0001559624442434262	0.0
Candidatus Nomurabacteria unclassified	6.843221788818175e-05	0.0	6.238497769737047e-05	0.0
Candidatus Woesebacteria unclassified	4.562147859212117e-05	9.359352332818569e-05	6.238497769737047e-05	0.00011821728336682824
Microthrixaceae	0.0	0.0	0.0	0.0
Candidatus Aminicenantes unclassified	0.0	0.00018718704665637137	3.1192488848685235e-05	5.910864168341412e-05
Marinifilaceae	0.0	0.0	0.0	0.0
Anaplasmataceae	0.0	0.00014039028499227853	3.1192488848685235e-05	5.910864168341412e-05
Chloroflexales unclassified	0.0	0.0	0.00021834742194079665	5.910864168341412e-05
Chloroflexineae unclassified	2.2810739296060585e-05	4.6796761664092844e-05	0.00018715493309211142	0.0
Candidatus Wolfebacteria unclassified	6.843221788818175e-05	9.359352332818569e-05	3.1192488848685235e-05	2.955432084170706e-05
Candidatus Campbellbacteria unclassified	4.562147859212117e-05	4.6796761664092844e-05	3.1192488848685235e-05	2.955432084170706e-05
Peptostreptococcaceae	6.843221788818175e-05	4.6796761664092844e-05	3.1192488848685235e-05	2.955432084170706e-05
Idiomarinaceae	0.0	0.0	6.238497769737047e-05	5.910864168341412e-05
Thermoanaerobacterales Family III. Incertae Sedis	0.0	0.0	0.0001559624442434262	2.955432084170706e-05
Candidatus Acetothermia unclassified	0.0	0.0	0.0	0.00023643456673365647
Dikarya unclassified	2.2810739296060585e-05	4.6796761664092844e-05	6.238497769737047e-05	8.866296252512117e-05
Acidaminococcaceae	4.562147859212117e-05	0.00014039028499227853	9.357746654605571e-05	8.866296252512117e-05
Methanobacteriaceae	0.0	9.359352332818569e-05	6.238497769737047e-05	5.910864168341412e-05
Unclassified Archaea unclassified	0.0	0.0	0.0	0.0
Cryptosporangiaceae	0.0	0.0	0.0	0.0
Coriobacteriales unclassified	4.562147859212117e-05	4.6796761664092844e-05	3.1192488848685235e-05	8.866296252512117e-05
Neisseriales unclassified	0.0	9.359352332818569e-05	3.1192488848685235e-05	8.866296252512117e-05
Candidate division WWE3 unclassified	2.2810739296060585e-05	0.00014039028499227853	3.1192488848685235e-05	5.910864168341412e-05
Peptoniphilaceae	0.0	9.359352332818569e-05	9.357746654605571e-05	0.0
Candidatus Beckwithbacteria unclassified	2.2810739296060585e-05	0.0	3.1192488848685235e-05	8.866296252512117e-05
Candidatus Amesbacteria unclassified	0.0	0.00018718704665637137	6.238497769737047e-05	5.910864168341412e-05
Acidithiobacillaceae	4.562147859212117e-05	0.0	3.1192488848685235e-05	0.0
Candidatus Kaiserbacteria unclassified	0.0	0.0	0.0	8.866296252512117e-05
Nitrospirae unclassified	0.0	0.0	3.1192488848685235e-05	5.910864168341412e-05
Candidate division CPR2 unclassified	2.2810739296060585e-05	4.6796761664092844e-05	6.238497769737047e-05	0.0
Cellvibrionales unclassified	4.562147859212117e-05	4.6796761664092844e-05	0.0	2.955432084170706e-05
Ferrimonadaceae	0.0001596751750724241	0.0	0.0	0.0
Candidatus Roizmanbacteria unclassified	2.2810739296060585e-05	9.359352332818569e-05	3.1192488848685235e-05	2.955432084170706e-05
Rickettsiaceae	0.0	0.0	3.1192488848685235e-05	5.910864168341412e-05
Heliobacteriaceae	0.0	0.0	0.00021834742194079665	0.0
Thermococcaceae	0.0	0.00014039028499227853	6.238497769737047e-05	0.00011821728336682824
Brachyspiraceae	0.0	4.6796761664092844e-05	3.1192488848685235e-05	2.955432084170706e-05
Kordiimonadaceae	2.2810739296060585e-05	0.0	0.0	0.0
Epsilonproteobacteria unclassified	2.2810739296060585e-05	0.0	0.0	0.0
Glycomycetaceae	2.2810739296060585e-05	4.6796761664092844e-05	3.1192488848685235e-05	2.955432084170706e-05
Nannocystineae unclassified	4.562147859212117e-05	4.6796761664092844e-05	3.1192488848685235e-05	8.866296252512117e-05
Jiangellaceae	2.2810739296060585e-05	4.6796761664092844e-05	3.1192488848685235e-05	5.910864168341412e-05
Borreliaceae	0.0	0.0	6.238497769737047e-05	2.955432084170706e-05
Listeriaceae	6.843221788818175e-05	0.0	3.1192488848685235e-05	0.0
Candidatus Daviesbacteria unclassified	2.2810739296060585e-05	9.359352332818569e-05	3.1192488848685235e-05	0.0
Chlamydiales unclassified	0.00011405369648030293	0.0	3.1192488848685235e-05	2.955432084170706e-05
Fibrobacteria unclassified	0.0	4.6796761664092844e-05	3.1192488848685235e-05	2.955432084170706e-05
Colwelliaceae	4.562147859212117e-05	0.0	0.0	0.0
Dehalococcoidaceae	0.0	4.6796761664092844e-05	3.1192488848685235e-05	8.866296252512117e-05
Candidatus Fervidibacteria unclassified	2.2810739296060585e-05	4.6796761664092844e-05	3.1192488848685235e-05	8.866296252512117e-05
Candidatus Pacebacteria unclassified	0.0	4.6796761664092844e-05	0.0	0.0
Eubacteriaceae	4.562147859212117e-05	9.359352332818569e-05	3.1192488848685235e-05	2.955432084170706e-05
Candidatus Azambacteria unclassified	2.2810739296060585e-05	0.00014039028499227853	0.0	2.955432084170706e-05
Fimbriimonadaceae	0.0	0.0	0.0	0.0
Delta/epsilon subdivisions unclassified	2.2810739296060585e-05	4.6796761664092844e-05	6.238497769737047e-05	2.955432084170706e-05
Williamsiaceae	0.0	0.0	0.0	2.955432084170706e-05
Thermotogae unclassified	6.843221788818175e-05	0.0	3.1192488848685235e-05	0.0
Herpetosiphonaceae	0.0	0.0	6.238497769737047e-05	0.0
Campylobacterales unclassified	0.0	4.6796761664092844e-05	0.0	0.0
Carnobacteriaceae	2.2810739296060585e-05	0.0	3.1192488848685235e-05	2.955432084170706e-05
Candidatus Collierbacteria unclassified	0.0	4.6796761664092844e-05	3.1192488848685235e-05	5.910864168341412e-05
Thermomicrobia unclassified	0.0	9.359352332818569e-05	3.1192488848685235e-05	2.955432084170706e-05
Brevibacteriaceae	0.0	0.0	9.357746654605571e-05	0.0
Nautiliaceae	2.2810739296060585e-05	0.0	3.1192488848685235e-05	5.910864168341412e-05
Methanomicrobia unclassified	2.2810739296060585e-05	9.359352332818569e-05	3.1192488848685235e-05	2.955432084170706e-05
Candidatus Gottesmanbacteria unclassified	0.0	4.6796761664092844e-05	3.1192488848685235e-05	2.955432084170706e-05
Candidatus Shapirobacteria unclassified	0.0	9.359352332818569e-05	3.1192488848685235e-05	2.955432084170706e-05
Bartonellaceae	0.0	0.0	0.0	5.910864168341412e-05
Rickettsiales unclassified	2.2810739296060585e-05	0.0	0.0	5.910864168341412e-05
Syntrophobacterales unclassified	4.562147859212117e-05	0.0	3.1192488848685235e-05	0.0
Candidatus Peribacteria unclassified	2.2810739296060585e-05	9.359352332818569e-05	0.0	2.955432084170706e-05
Sporolactobacillaceae	2.2810739296060585e-05	4.6796761664092844e-05	0.0	0.0
Candidatus Adlerbacteria unclassified	2.2810739296060585e-05	0.0	3.1192488848685235e-05	0.0
Aquificaceae	6.843221788818175e-05	0.0	0.0	5.910864168341412e-05
Candidatus Jorgensenbacteria unclassified	2.2810739296060585e-05	0.0	0.0	2.955432084170706e-05
Hydrogenothermaceae	0.0	4.6796761664092844e-05	0.0	5.910864168341412e-05
Nitrosopumilaceae	0.0	9.359352332818569e-05	0.0	0.0
Blastocatellia unclassified	0.0	0.0	0.0	0.00023643456673365647
Thermoanaerobacterales unclassified	0.0	0.0	3.1192488848685235e-05	0.0
Syntrophomonadaceae	0.0	4.6796761664092844e-05	0.0	2.955432084170706e-05
Acidimicrobiia unclassified	2.2810739296060585e-05	4.6796761664092844e-05	0.0	2.955432084170706e-05
Parachlamydiaceae	0.0	0.0	0.0	0.0
Candidatus Poribacteria unclassified	0.0	0.0	3.1192488848685235e-05	2.955432084170706e-05
Opitutae unclassified	4.562147859212117e-05	4.6796761664092844e-05	0.0	0.0
Pelagibacteraceae	2.2810739296060585e-05	0.0	6.238497769737047e-05	0.0
Candidatus Brocadiaceae	0.0	4.6796761664092844e-05	6.238497769737047e-05	2.955432084170706e-05
Zetaproteobacteria unclassified	0.0	0.0	3.1192488848685235e-05	2.955432084170706e-05
Halobacteriales unclassified	0.0	0.0	3.1192488848685235e-05	0.0
Blattabacteriaceae	0.0	0.0	3.1192488848685235e-05	0.0
Chlamydiae unclassified	4.562147859212117e-05	4.6796761664092844e-05	0.0	0.0
Methylophilales unclassified	2.2810739296060585e-05	4.6796761664092844e-05	3.1192488848685235e-05	0.0
Saccharomyceta unclassified	0.0	4.6796761664092844e-05	3.1192488848685235e-05	0.0
Mollicutes unclassified	0.0	0.0	0.0	0.0
Leptotrichiaceae	0.0	0.0	0.0	2.955432084170706e-05
Chlamydiaceae	6.843221788818175e-05	4.6796761664092844e-05	0.0	0.0
Bdellovibrionales unclassified	0.0	0.0	6.238497769737047e-05	0.0
Botryosphaeriaceae	0.0	4.6796761664092844e-05	0.0	0.0
Frankiales unclassified	0.0	0.0	3.1192488848685235e-05	0.0
Coxiellaceae	2.2810739296060585e-05	9.359352332818569e-05	0.0	0.0
Planctomycetia unclassified	0.0	0.0	6.238497769737047e-05	0.0
Spirochaetes unclassified	2.2810739296060585e-05	4.6796761664092844e-05	0.0	2.955432084170706e-05
Mycoplasmataceae	0.0	0.0	3.1192488848685235e-05	0.0
Acholeplasmataceae	0.0	0.0	0.0	2.955432084170706e-05
Planococcaceae	2.2810739296060585e-05	0.0	0.0	0.0
Tissierellia unclassified	0.0	0.0	0.0	0.0
Thermoproteaceae	2.2810739296060585e-05	4.6796761664092844e-05	0.0	5.910864168341412e-05
Methanocaldococcaceae	2.2810739296060585e-05	0.0	3.1192488848685235e-05	0.0
Myoviridae	0.0	0.0	0.0	2.955432084170706e-05
Candidatus Saccharibacteria unclassified	0.0	0.0	0.0	0.0
Candidatus Berkelbacteria unclassified	0.0	0.0	0.0	2.955432084170706e-05
Spirochaetales unclassified	4.562147859212117e-05	4.6796761664092844e-05	0.0	0.0
Crenarchaeota unclassified	0.0	4.6796761664092844e-05	0.0	0.0
Elusimicrobia unclassified	0.0	4.6796761664092844e-05	0.0	2.955432084170706e-05
Aerococcaceae	0.0	4.6796761664092844e-05	0.0	0.0
Gemmatimonadetes unclassified	0.0	0.0	0.0	0.0
Moritellaceae	0.0	4.6796761664092844e-05	0.0	5.910864168341412e-05
Methylacidiphilaceae	0.0	0.0	0.0	2.955432084170706e-05
Selenomonadales unclassified	2.2810739296060585e-05	0.0	0.0	2.955432084170706e-05
Fervidobacteriaceae	4.562147859212117e-05	0.0	0.0	0.0
Sordariomycetes unclassified	0.0	4.6796761664092844e-05	3.1192488848685235e-05	0.0
Nitrososphaeraceae	2.2810739296060585e-05	0.0	6.238497769737047e-05	2.955432084170706e-05
Candidate division CPR3 unclassified	2.2810739296060585e-05	9.359352332818569e-05	0.0	0.0
Spongiibacteraceae	2.2810739296060585e-05	0.0	0.0	0.0
Candidatus Giovannonibacteria unclassified	4.562147859212117e-05	0.0	3.1192488848685235e-05	2.955432084170706e-05
Phycodnaviridae	0.0	0.0	0.0	0.0
Candidatus Levybacteria unclassified	0.0	4.6796761664092844e-05	0.0	5.910864168341412e-05
Petrotogales unclassified	0.0	0.0	0.0	0.0
Leuconostocaceae	0.0	0.0	6.238497769737047e-05	0.0
Methanomicrobiales unclassified	0.0	0.0	0.0	5.910864168341412e-05
Pleosporaceae	0.0	0.0	0.0	0.0
Dictyosteliida unclassified	0.0	0.0	0.0	0.0
Deinococcales unclassified	0.0	0.0	0.0	0.0
Legionellales unclassified	2.2810739296060585e-05	0.0	0.0	0.0
Methylococcales unclassified	0.0	0.0	3.1192488848685235e-05	0.0
Mesoniviridae	0.0	0.0	0.0	0.0
Candidatus Paracaedibacteraceae	0.0	0.0	0.0	2.955432084170706e-05
Clostridiales Family XIII. Incertae Sedis	0.0	0.0	0.0	0.0
Holosporaceae	2.2810739296060585e-05	0.0	3.1192488848685235e-05	0.0
Basidiomycota unclassified	0.0	0.0	3.1192488848685235e-05	2.955432084170706e-05
Bdellovibrionaceae	0.0	0.0	0.0	0.0
Candidatus Curtissbacteria unclassified	0.0	0.0	3.1192488848685235e-05	0.0
Amoebophilaceae	0.0	0.0	3.1192488848685235e-05	0.0
Hahellaceae	0.0	4.6796761664092844e-05	0.0	0.0
Trypanosomatidae	0.0	0.0	0.0	0.0
Thermotogales unclassified	4.562147859212117e-05	0.0	0.0	0.0
Fungi unclassified	0.0	0.0	0.0	2.955432084170706e-05
Ascomycota unclassified	0.0	0.0	0.0	0.0
Chloroflexia unclassified	0.0	0.0	0.0	0.0
Thiotrichales unclassified	2.2810739296060585e-05	0.0	0.0	0.0
Acidimicrobiales unclassified	0.0	0.0	3.1192488848685235e-05	0.0
Methanosarcinales unclassified	0.0	0.0	0.0	2.955432084170706e-05
Vibrionales unclassified	0.0	0.0	0.0	2.955432084170706e-05
Sphingobacteriales unclassified	4.562147859212117e-05	0.0	0.0	0.0
Thermotogae unclassified	0.0	0.0	0.0	2.955432084170706e-05
Synergistetes unclassified	0.0	4.6796761664092844e-05	0.0	0.0
Nevskiales unclassified	0.0	0.0	0.0	0.0
TACK group unclassified	0.0	0.0	0.0	0.0
Ferroplasmaceae	0.0	0.0	0.0	0.0
Spiroplasmataceae	2.2810739296060585e-05	0.0	0.0	0.0
Desulfurococcaceae	2.2810739296060585e-05	0.0	0.0	2.955432084170706e-05
Apicomplexa unclassified	0.0	0.0	0.0	0.0
Thermoprotei unclassified	0.0	0.0	0.0	2.955432084170706e-05
Thermodesulfobacteriaceae	2.2810739296060585e-05	0.0	0.0	2.955432084170706e-05
Plasmodiidae	2.2810739296060585e-05	0.0	0.0	0.0
Hypocreales unclassified	0.0	0.0	0.0	0.0
Ophiostomataceae	0.0	0.0	0.0	0.0
Hypocreomycetidae unclassified	0.0	0.0	0.0	0.0
Methanococcaceae	0.0	0.0	0.0	0.0
Saccharospirillaceae	0.0	0.0	0.0	0.0
Candidatus Bathyarchaeota unclassified	0.0	0.0	0.0	0.0
Methanomassiliicoccaceae	0.0	4.6796761664092844e-05	0.0	2.955432084170706e-05
Candidatus Diapherotrites unclassified	0.0	0.0	0.0	0.0
Methanocorpusculaceae	0.0	0.0	6.238497769737047e-05	0.0
Sulfolobaceae	0.0	0.0	6.238497769737047e-05	0.0
Sanguibacteraceae	0.0	0.0	6.238497769737047e-05	0.0
Dictyoglomaceae	0.0	0.0	3.1192488848685235e-05	0.0
Nodaviridae	0.0	0.0	0.0	0.0
Parvoviridae	0.0	0.0	0.0	2.955432084170706e-05
Viruses unclassified	0.0	4.6796761664092844e-05	0.0	0.0
Fibrobacteres unclassified	0.0	0.0	0.0	0.0
Aeromonadales unclassified	0.0	0.0	0.0	0.0
Thermoplasmata unclassified	0.0	0.0	0.0	0.0
Fusobacteriales unclassified	0.0	0.0	0.0	2.955432084170706e-05
Porticoccaceae	0.0	0.0	0.0	0.0
Acholeplasmatales unclassified	0.0	0.0	0.0	0.0
Methanococcales unclassified	0.0	0.0	0.0	2.955432084170706e-05
Eurotiales unclassified	0.0	0.0	0.0	0.0
Diaporthales unclassified	2.2810739296060585e-05	0.0	0.0	0.0
Caliciviridae	2.2810739296060585e-05	0.0	0.0	0.0
Entomoplasmataceae	2.2810739296060585e-05	0.0	0.0	0.0
Eucoccidiorida unclassified	2.2810739296060585e-05	0.0	0.0	0.0
Eurotiomycetes unclassified	0.0	0.0	0.0	0.0
Bacteriovoracaceae	2.2810739296060585e-05	0.0	0.0	0.0
Sordariomyceta unclassified	0.0	0.0	0.0	0.0
Ustilaginaceae	0.0	0.0	0.0	0.0
Fuselloviridae	0.0	0.0	0.0	0.0
Podoviridae	0.0	0.0	0.0	0.0
Inoviridae	0.0	0.0	0.0	0.0
DsDNA viruses, no RNA stage unclassified	0.0	0.0	0.0	2.955432084170706e-05
Mycosphaerellaceae	0.0	0.0	0.0	0.0
Saccharomycetales unclassified	0.0	0.0	0.0	0.0
Agaricales unclassified	0.0	0.0	0.0	0.0
Eimeriidae	0.0	0.0	0.0	0.0
Agaricomycetes unclassified	0.0	0.0	0.0	2.955432084170706e-05
Dicistroviridae	0.0	0.0	0.0	0.0
Candidatus Calescamantes unclassified	0.0	0.0	0.0	0.0
Bromoviridae	0.0	4.6796761664092844e-05	0.0	0.0
Secoviridae	0.0	4.6796761664092844e-05	0.0	0.0
Retroviridae	0.0	0.0	0.0	0.0
Ktedonobacteria unclassified	0.0	0.0	0.0	0.0
Actinopolysporaceae	0.0	0.0	0.0	0.0
Mucorales unclassified	0.0	0.0	3.1192488848685235e-05	0.0
Polyporaceae	0.0	0.0	3.1192488848685235e-05	0.0
Picornaviridae	0.0	0.0	3.1192488848685235e-05	0.0
Lentisphaerae unclassified	0.0	0.0	3.1192488848685235e-05	0.0
Psychromonadaceae	0.0	0.0	3.1192488848685235e-05	0.0
Microbulbiferaceae	0.0	0.0	3.1192488848685235e-05	0.0
Siphoviridae	0.0	0.0	0.0	0.0
Tombusviridae	0.0	0.0	0.0	0.0
Kineosporiaceae	0.0	0.0	0.0	0.0
Desulfurellaceae	0.0	0.0	0.0	0.0
Thermodesulfobiaceae	0.0	0.0	0.0	0.0
Methanocellaceae	0.0	0.0	0.0	0.0
Candidatus Yanofskybacteria unclassified	0.0	0.0	0.0	0.0
Succinivibrionaceae	0.0	0.0	0.0	0.0
Archaeoglobaceae	0.0	0.0	0.0	2.955432084170706e-05
Pyrodictiaceae	0.0	0.0	0.0	2.955432084170706e-05
Herpesviridae	0.0	0.0	0.0	2.955432084170706e-05
Microviridae	0.0	0.0	0.0	2.955432084170706e-05
Reoviridae	0.0	0.0	0.0	2.955432084170706e-05
Myxotrichaceae	0.0	0.0	0.0	2.955432084170706e-05
Candidatus Microgenomates unclassified	0.0	0.0	0.0	2.955432084170706e-05
Erysipelotrichaceae	0.0	0.0	0.0	2.955432084170706e-05
Catenulisporales unclassified	0.0	0.0	0.0	2.955432084170706e-05
Mimiviridae	0.0	0.0	0.0	2.955432084170706e-05
Desulfurobacteriaceae	0.0	0.0	0.0	2.955432084170706e-05
Kiloniellaceae	0.0	0.0	0.0	2.955432084170706e-05
Methanoregulaceae	0.0	0.0	0.0	2.955432084170706e-05
Chlorobi unclassified	0.0	0.0	0.0	0.0
Prochlorales unclassified	0.0	0.0	0.0	0.0
Deinococcus-Thermus unclassified	0.0	0.0	0.0	0.0
Actinomycetales unclassified	0.0	0.0	0.0	0.0
Thermococcales unclassified	0.0	0.0	0.0	0.0
Nitrosomonadales unclassified	0.0	0.0	0.0	0.0
Fusobacteria unclassified	0.0	0.0	0.0	0.0
Opisthokonta unclassified	0.0	0.0	0.0	0.0
SsRNA positive-strand viruses, no DNA stage unclassified	0.0	0.0	0.0	0.0
Halanaerobiales unclassified	0.0	0.0	0.0	0.0
Thermales unclassified	0.0	0.0	0.0	0.0
Nidovirales unclassified	0.0	0.0	0.0	0.0
Bifidobacteriales unclassified	0.0	0.0	0.0	0.0
Micromonosporales unclassified	0.0	0.0	0.0	0.0
Pseudonocardiales unclassified	0.0	0.0	0.0	0.0
Streptomycetales unclassified	0.0	0.0	0.0	0.0
Glycomycetales unclassified	0.0	0.0	0.0	0.0
Enterobacteriales unclassified	0.0	0.0	0.0	0.0
Pleosporales unclassified	0.0	0.0	0.0	0.0
Sphingobacteriia unclassified	0.0	0.0	0.0	0.0
Hydrogenophilales unclassified	0.0	0.0	0.0	0.0
Pasteurellales unclassified	0.0	0.0	0.0	0.0
Gemmatimonadetes unclassified	0.0	0.0	0.0	0.0
Mycetozoa unclassified	0.0	0.0	0.0	0.0
Pezizomycotina unclassified	0.0	0.0	0.0	0.0
Dothideomycetes unclassified	0.0	0.0	0.0	0.0
Thermococci unclassified	0.0	0.0	0.0	0.0
Herpetosiphonales unclassified	0.0	0.0	0.0	0.0
Nitrospirales unclassified	0.0	0.0	0.0	0.0
Chlorobia unclassified	0.0	0.0	0.0	0.0
Chlorobiales unclassified	0.0	0.0	0.0	0.0
Fusobacteriia unclassified	0.0	0.0	0.0	0.0
Verrucomicrobiae unclassified	0.0	0.0	0.0	0.0
Spirochaetia unclassified	0.0	0.0	0.0	0.0
Nitrospira unclassified	0.0	0.0	0.0	0.0
Chlamydiia unclassified	0.0	0.0	0.0	0.0
Acidobacteriia unclassified	0.0	0.0	0.0	0.0
Acidobacteriales unclassified	0.0	0.0	0.0	0.0
Caulobacterales unclassified	0.0	0.0	0.0	0.0
Rhodocyclales unclassified	0.0	0.0	0.0	0.0
Gemmatimonadales unclassified	0.0	0.0	0.0	0.0
Nautiliales unclassified	0.0	0.0	0.0	0.0
Parvularculales unclassified	0.0	0.0	0.0	0.0
Anaerolineales unclassified	0.0	0.0	0.0	0.0
Gloeobacteria unclassified	0.0	0.0	0.0	0.0
Solibacteres unclassified	0.0	0.0	0.0	0.0
Opitutales unclassified	0.0	0.0	0.0	0.0
Puniceicoccales unclassified	0.0	0.0	0.0	0.0
SsRNA viruses unclassified	0.0	0.0	0.0	0.0
Pleosporomycetidae unclassified	0.0	0.0	0.0	0.0
Desulfarculales unclassified	0.0	0.0	0.0	0.0
Caldilineae unclassified	0.0	0.0	0.0	0.0
Caldilineales unclassified	0.0	0.0	0.0	0.0
Holophagae unclassified	0.0	0.0	0.0	0.0
Clostridiales incertae sedis unclassified	0.0	0.0	0.0	0.0
Amoebozoa unclassified	0.0	0.0	0.0	0.0
Holophagales unclassified	0.0	0.0	0.0	0.0
Synergistia unclassified	0.0	0.0	0.0	0.0
Phycisphaerales unclassified	0.0	0.0	0.0	0.0
Pleosporineae unclassified	0.0	0.0	0.0	0.0
Dothideomyceta unclassified	0.0	0.0	0.0	0.0
Methylacidiphilales unclassified	0.0	0.0	0.0	0.0
Cytophagia unclassified	0.0	0.0	0.0	0.0
Negativicutes unclassified	0.0	0.0	0.0	0.0
Bacteroidetes Order II. Incertae sedis unclassified	0.0	0.0	0.0	0.0
Dehalococcoidales unclassified	0.0	0.0	0.0	0.0
Jiangellales unclassified	0.0	0.0	0.0	0.0
Nitrospinae unclassified	0.0	0.0	0.0	0.0
Nitrospinia unclassified	0.0	0.0	0.0	0.0
Nitrospinales unclassified	0.0	0.0	0.0	0.0
Thermoleophilia unclassified	0.0	0.0	0.0	0.0
Roseiflexineae unclassified	0.0	0.0	0.0	0.0
Geodermatophilales unclassified	0.0	0.0	0.0	0.0
Brachyspirales unclassified	0.0	0.0	0.0	0.0
Leptospirales unclassified	0.0	0.0	0.0	0.0
Eggerthellales unclassified	0.0	0.0	0.0	0.0
Haloferacales unclassified	0.0	0.0	0.0	0.0
Natrialbales unclassified	0.0	0.0	0.0	0.0
DPANN group unclassified	0.0	0.0	0.0	0.0
Cyanobacteria/Melainabacteria group unclassified	0.0	0.0	0.0	0.0
Nitrospinae/Tectomicrobia group unclassified	0.0	0.0	0.0	0.0
Mycoplasmatales unclassified	0.0	0.0	0.0	0.0
Methanobacteriales unclassified	0.0	0.0	0.0	0.0
Methanobacteria unclassified	0.0	0.0	0.0	0.0
Tenericutes unclassified	0.0	0.0	0.0	0.0
Tissierellales unclassified	0.0	0.0	0.0	0.0
Thermoproteales unclassified	0.0	0.0	0.0	0.0
Coccidia unclassified	0.0	0.0	0.0	0.0
Haemosporida unclassified	0.0	0.0	0.0	0.0
Aquificales unclassified	0.0	0.0	0.0	0.0
Alveolata unclassified	0.0	0.0	0.0	0.0
Pelagibacterales unclassified	0.0	0.0	0.0	0.0
Thermodesulfobacteria unclassified	0.0	0.0	0.0	0.0
Rubrobacteria unclassified	0.0	0.0	0.0	0.0
Rubrobacterales unclassified	0.0	0.0	0.0	0.0
Sphaerobacteridae unclassified	0.0	0.0	0.0	0.0
Sphaerobacterales unclassified	0.0	0.0	0.0	0.0
Desulfurococcales unclassified	0.0	0.0	0.0	0.0
Methanococci unclassified	0.0	0.0	0.0	0.0
Entomoplasmatales unclassified	0.0	0.0	0.0	0.0
Aquificae unclassified	0.0	0.0	0.0	0.0
Thermodesulfobacteriales unclassified	0.0	0.0	0.0	0.0
Aquificae unclassified	0.0	0.0	0.0	0.0
Thermodesulfobacteria unclassified	0.0	0.0	0.0	0.0
Sordariomycetidae unclassified	0.0	0.0	0.0	0.0
Sphaerobacterineae unclassified	0.0	0.0	0.0	0.0
Kordiimonadales unclassified	0.0	0.0	0.0	0.0
Aconoidasida unclassified	0.0	0.0	0.0	0.0
Eurotiomycetidae unclassified	0.0	0.0	0.0	0.0
Nitriliruptorales unclassified	0.0	0.0	0.0	0.0
Salinisphaerales unclassified	0.0	0.0	0.0	0.0
Nitriliruptoria unclassified	0.0	0.0	0.0	0.0
Nitrososphaerales unclassified	0.0	0.0	0.0	0.0
Conoidasida unclassified	0.0	0.0	0.0	0.0
Sulfuricellales unclassified	0.0	0.0	0.0	0.0
Nitrososphaeria unclassified	0.0	0.0	0.0	0.0
Kosmotogales unclassified	0.0	0.0	0.0	0.0
Limnochordia unclassified	0.0	0.0	0.0	0.0
Limnochordales unclassified	0.0	0.0	0.0	0.0
Ophiostomatales unclassified	0.0	0.0	0.0	0.0
Ustilaginomycetes unclassified	0.0	0.0	0.0	0.0
Ustilaginales unclassified	0.0	0.0	0.0	0.0
Caudovirales unclassified	0.0	0.0	0.0	0.0
SsDNA viruses unclassified	0.0	0.0	0.0	0.0
Capnodiales unclassified	0.0	0.0	0.0	0.0
Dothideomycetes incertae sedis unclassified	0.0	0.0	0.0	0.0
Dothideomycetidae unclassified	0.0	0.0	0.0	0.0
Botryosphaeriales unclassified	0.0	0.0	0.0	0.0
Ustilaginomycotina unclassified	0.0	0.0	0.0	0.0
Gallionellales unclassified	0.0	0.0	0.0	0.0
Candidatus Brocadiales unclassified	0.0	0.0	0.0	0.0
Ardenticatenia unclassified	0.0	0.0	0.0	0.0
Ardenticatenales unclassified	0.0	0.0	0.0	0.0
Saccharomycetes unclassified	0.0	0.0	0.0	0.0
Agaricomycotina unclassified	0.0	0.0	0.0	0.0
Saccharomycotina unclassified	0.0	0.0	0.0	0.0
Eimeriorina unclassified	0.0	0.0	0.0	0.0
Agaricomycetidae unclassified	0.0	0.0	0.0	0.0
Picornavirales unclassified	0.0	0.0	0.0	0.0
Archaea candidate phyla unclassified	0.0	0.0	0.0	0.0
Nitrosopumilales unclassified	0.0	0.0	0.0	0.0
Chrysiogenetes unclassified	0.0	0.0	0.0	0.0
Chrysiogenales unclassified	0.0	0.0	0.0	0.0
Chrysiogenetes unclassified	0.0	0.0	0.0	0.0
Ignavibacteria unclassified	0.0	0.0	0.0	0.0
Ignavibacteriales unclassified	0.0	0.0	0.0	0.0
Ignavibacteriae unclassified	0.0	0.0	0.0	0.0
Methanomassiliicoccales unclassified	0.0	0.0	0.0	0.0
Kinetoplastida unclassified	0.0	0.0	0.0	0.0
Euglenozoa unclassified	0.0	0.0	0.0	0.0
Retro-transcribing viruses unclassified	0.0	0.0	0.0	0.0
Actinopolysporales unclassified	0.0	0.0	0.0	0.0
Sulfolobales unclassified	0.0	0.0	0.0	0.0
Polyporales unclassified	0.0	0.0	0.0	0.0
Dictyoglomi unclassified	0.0	0.0	0.0	0.0
Fungi incertae sedis unclassified	0.0	0.0	0.0	0.0
Dictyoglomia unclassified	0.0	0.0	0.0	0.0
Dictyoglomales unclassified	0.0	0.0	0.0	0.0
Agaricomycetes incertae sedis unclassified	0.0	0.0	0.0	0.0
Mucoromycotina unclassified	0.0	0.0	0.0	0.0
Desulfurellales unclassified	0.0	0.0	0.0	0.0
Methanocellales unclassified	0.0	0.0	0.0	0.0
Kineosporiales unclassified	0.0	0.0	0.0	0.0
Fimbriimonadia unclassified	0.0	0.0	0.0	0.0
Fimbriimonadales unclassified	0.0	0.0	0.0	0.0
Archaeoglobales unclassified	0.0	0.0	0.0	0.0
DsRNA viruses unclassified	0.0	0.0	0.0	0.0
Leotiomycetes unclassified	0.0	0.0	0.0	0.0
Archaeoglobi unclassified	0.0	0.0	0.0	0.0
Leotiomycetes incertae sedis unclassified	0.0	0.0	0.0	0.0
Erysipelotrichia unclassified	0.0	0.0	0.0	0.0
Erysipelotrichales unclassified	0.0	0.0	0.0	0.0
Herpesvirales unclassified	0.0	0.0	0.0	0.0
Kiloniellales unclassified	0.0	0.0	0.0	0.0
Desulfurobacteriales unclassified	0.0	0.0	0.0	0.0
