	1	2	3	4
Rhodobacteraceae	0.20192192192192193	0.20885395513295268	0.10664257921067259	0.09507221133609116
Desulfobacteraceae	0.01877877877877878	0.0036553025778244975	0.041467481934408	0.029610276507729152
Bacteria unclassified	0.05757757757757758	0.04598991805432783	0.05386325736520289	0.08712533565570796
Proteobacteria unclassified	0.0436036036036036	0.039682729292591444	0.044219010561423015	0.05337832934175194
Alphaproteobacteria unclassified	0.044964964964964965	0.04350526793606804	0.03326848249027237	0.040097249437549894
Nonspecific/Host	0.03255255255255255	0.024631483383902333	0.03593663146192329	0.031569780100152406
Actinobacteria unclassified	0.025945945945945945	0.022146833265642544	0.028515842134519177	0.03233180927498367
Ectothiorhodospiraceae	0.012972972972972972	0.007812313352605299	0.009227348526959422	0.0101603889977502
Rhizobiales unclassified	0.026826826826826827	0.028286785961726832	0.019955530850472483	0.027287901879671964
Bradyrhizobiaceae	0.025505505505505507	0.033375540530855057	0.02065036131183991	0.02155453951665578
Rhodospirillaceae	0.02086086086086086	0.02315024965955515	0.020038910505836578	0.024130923869656724
Chromatiaceae	0.008208208208208207	0.011300379864777695	0.014508060033351863	0.01422454459685028
Desulfovibrionaceae	0.007247247247247247	0.004276465107389445	0.016064480266814896	0.012228753900863634
Sphingomonadaceae	0.015735735735735737	0.025348209379554197	0.01359088382434686	0.012228753900863634
Methylobacteriaceae	0.014734734734734734	0.01765535035955754	0.013257365202890494	0.013607663836272588
Deltaproteobacteria unclassified	0.012172172172172173	0.007788422486083571	0.012479155086158978	0.013897960664779737
Pseudomonadaceae	0.012852852852852852	0.011252598131734237	0.014091161756531407	0.015385731910878874
Rhizobiaceae	0.013693693693693694	0.01918436581694818	0.01170094496942746	0.015276870600188694
Phyllobacteriaceae	0.01921921921921922	0.01791814989129656	0.011978877153974431	0.015603454532259236
Gammaproteobacteria unclassified	0.015695695695695695	0.008648493680865805	0.011395219566425792	0.013353654111328835
Bacillaceae	0.0016016016016016017	0.02455981078433715	0.05266814897165092	0.001088613106901807
Chroococcales unclassified	0.00984984984984985	0.010726999068256205	0.0076709282934963865	0.005987372087959939
Burkholderiales unclassified	0.011411411411411412	0.011730415462168813	0.012062256809338522	0.016111473982146744
Betaproteobacteria unclassified	0.01065065065065065	0.01044030866999546	0.012479155086158978	0.014478554321794035
Burkholderiaceae	0.01017017017017017	0.008982965812170007	0.009838799332962757	0.012373902315117207
Oscillatoriales unclassified	0.007647647647647648	0.013856702582602671	0.011061700944969428	0.008926627476594819
Comamonadaceae	0.006286286286286287	0.011706524595647085	0.014591439688715954	0.008273459612453734
Aurantimonadaceae	0.010810810810810811	0.010464199536517189	0.005947748749305169	0.009289498512228754
Xanthomonadaceae	0.008608608608608608	0.009174092744343837	0.009672040022234575	0.012773060454314537
Myxococcales unclassified	0.00952952952952953	0.013378885252168096	0.0122568093385214	0.007692865955439437
Hyphomonadaceae	0.01121121121121121	0.008839620613039634	0.009477487493051695	0.007257420712678714
Acetobacteraceae	0.008208208208208207	0.00800344028477913	0.0057809894385769875	0.007801727266129618
Rhodospirillales unclassified	0.007847847847847847	0.009006856678691735	0.004641467481934408	0.007293707816242108
Aspergillaceae	0.0	0.015696299304775785	0.029488604780433574	3.628710356339357e-05
Terrabacteria group unclassified	0.006446446446446446	0.0051843180352151375	0.005836575875486381	0.007329994919805501
Streptomycetaceae	0.0056856856856856855	0.005351554100867239	0.0062534741523068375	0.00812831119820016
Eukaryota unclassified	0.011771771771771772	0.007047805623909979	0.006309060589216231	0.004209304013353654
Erythrobacteraceae	0.00944944944944945	0.009269656210430752	0.006448026681489716	0.0029029682850714856
Halomonadaceae	0.004484484484484484	0.0031297035143464653	0.00358532518065592	0.004898758981058132
Geobacteraceae	0.002082082082082082	0.0021979597199990445	0.00453029460811562	0.0039915813919732925
Desulfobulbaceae	0.0016016016016016017	0.0011706524595647084	0.0053085047248471375	0.0033384135278322086
Hyphomicrobiaceae	0.006486486486486486	0.008672384547387535	0.004196775986659255	0.006749401262791204
Unclassified Gammaproteobacteria unclassified	0.0	0.004157010774780801	0.0048916064480266815	0.0062050947093403004
Marinilabiliaceae	0.0056856856856856855	0.0	0.001584213451917732	0.00018143551781696785
Alteromonadaceae	0.0034034034034034033	0.0006211625295649473	0.001056142301278488	0.0009797517962116264
Caulobacteraceae	0.005805805805805806	0.00666555175956232	0.004280155642023347	0.006713114159227811
Planctomycetes unclassified	0.003963963963963964	0.0008839620613039635	0.0025013896609227346	0.004898758981058132
Halanaerobiaceae	8.008008008008008e-05	2.3890866521728743e-05	2.7793218454697053e-05	0.0
Phycisphaerae unclassified	0.0035235235235235233	0.0010989798599995223	0.0023624235686492494	0.004245591116917048
Polyangiaceae	0.005205205205205205	0.0043003559739111736	0.004752640355753196	0.0053342042238188545
Methylocystaceae	0.004204204204204204	0.004658718971737105	0.0038632573652028906	0.004681036359677771
Rhodocyclaceae	0.0038438438438438438	0.003631411711302769	0.005419677598665925	0.0059147978808331515
Microbacteriaceae	0.003043043043043043	0.004849845903910935	0.0071984435797665365	0.004390739531170622
Enterobacteriaceae	0.0024424424424424425	0.0038703203765200565	0.0057809894385769875	0.003955294288409899
Planctomycetaceae	0.0035635635635635635	0.0033925030460854816	0.0027793218454697055	0.004463313738297409
Bacteroidetes unclassified	0.0032832832832832832	0.0026279953173901616	0.003640911617565314	0.001778068074606285
Acidobacteria unclassified	0.004884884884884885	0.0033925030460854816	0.0037520844913841024	0.004681036359677771
Nannocystaceae	0.005205205205205205	0.006641660893040591	0.005947748749305169	0.0025038101458741565
Xanthobacteraceae	0.003883883883883884	0.003941992976085242	0.0026403557531962203	0.004136729806226867
Spirochaetaceae	0.0011611611611611612	0.00014334519913037245	0.001584213451917732	0.0017054938674794977
Unclassified Bacteria unclassified	0.0016016016016016017	0.0011706524595647084	0.0024735964424680377	0.001959503592423253
Verrucomicrobia unclassified	0.0005605605605605605	0.00043003559739111737	0.0032518065591995555	0.0027215327672545178
Mycobacteriaceae	0.003043043043043043	0.003058030914781279	0.002723735408560311	0.003955294288409899
Oxalobacteraceae	0.002962962962962963	0.0025563227178249754	0.003168426903835464	0.004027868495536686
Opitutaceae	0.001881881881881882	0.0013139976586950808	0.0019455252918287938	0.0022498004209304014
Phycisphaeraceae	0.0034834834834834836	0.0021023962539121295	0.0034185658699277376	0.003193265113578634
Desulfarculaceae	0.0014414414414414415	0.0006450533960866761	0.0015564202334630351	0.0019232164888598592
Anaerolineaceae	0.0012412412412412413	0.0012901067921733522	0.0018621456364647027	0.002794106974381305
Myxococcaceae	0.0026826826826826826	0.0031774852473899226	0.003029460811561979	0.0031569780100152408
Clostridiales unclassified	0.0015215215215215216	0.0010511981269560647	0.002584769316286826	0.0019232164888598592
Hypocreaceae	0.0	0.0	2.7793218454697053e-05	0.02888453443646128
Alcaligenaceae	0.0023623623623623626	0.002508540984781518	0.0023624235686492494	0.002358661731620582
Flavobacteriaceae	0.002962962962962963	0.002245741453042502	0.003557531962201223	0.001270048624718775
Gemmatimonadaceae	0.0026826826826826826	0.0025802135843467043	0.0021400778210116734	0.004499600841860803
Actinobacteria unclassified	0.002122122122122122	0.0021023962539121295	0.0013062812673707614	0.0026489585601277305
Cyclobacteriaceae	0.0015215215215215216	0.0008122894617387773	0.0003613118399110617	3.628710356339357e-05
Rhodobiaceae	0.0023223223223223224	0.002699667916955348	0.0017231795441912173	0.002213513317367008
Cystobacteraceae	0.0028428428428428428	0.0022696323195642307	0.002028904947192885	0.0018869293852964656
Nocardiaceae	0.002002002002002002	0.003153594380868194	0.002556976097832129	0.0030118295957616663
Nocardioidaceae	0.0014414414414414415	0.002389086652172874	0.005364091161756531	0.0015603454532259235
Bacteroidaceae	0.0016416416416416416	0.0007645077286953198	0.0018343524180100055	0.0022498004209304014
Rhodanobacteraceae	0.002082082082082082	0.0026518861839118905	0.003085047248471373	0.0026852456636911244
Desulfohalobiaceae	0.0008808808808808808	4.778173304345749e-05	0.0007226236798221234	0.0005805936570142972
Beijerinckiaceae	0.0017217217217217217	0.0029385765821726352	0.002056698165647582	0.0022498004209304014
Sphingomonadales unclassified	0.002082082082082082	0.0026279953173901616	0.0015564202334630351	0.0016329196603527107
Firmicutes unclassified	0.0016416416416416416	0.0010750889934777934	0.0016675931072818232	0.0015240583496625298
Anaeromyxobacteraceae	0.0016416416416416416	0.0017440332560861983	0.0022234574763757642	0.002757819870817911
Bacteroidales unclassified	0.0008808808808808808	0.0005733807965214898	0.0019455252918287938	0.00101603889977502
Methylococcaceae	0.0011611611611611612	0.0014095611247819959	0.0021678710394663703	0.001850642281733072
Micrococcales unclassified	0.0019219219219219219	0.0015290154573906396	0.0019455252918287938	0.0023223746280571886
Isosphaeraceae	0.0024024024024024023	0.0014573428578254534	0.0014730405780989438	0.0013426228318455622
Hydrogenophilaceae	0.002882882882882883	0.001218434192608166	0.0034463590883824346	0.005842223673706365
Aeromonadaceae	0.0012412412412412413	0.001218434192608166	0.0014452473596442469	0.0015240583496625298
Sandaracinaceae	0.0016816816816816818	0.001863487588694842	0.0026403557531962203	0.001778068074606285
Kofleriaceae	0.004084084084084084	0.0016245789234775546	0.001500833796553641	0.002177226213803614
Desulfomicrobiaceae	0.0004004004004004004	0.0002627995317390162	0.0013896609227348527	0.0005805936570142972
Acidobacteriaceae	0.0024824824824824826	0.0017440332560861983	0.0019455252918287938	0.002612671456564337
Verrucomicrobiaceae	0.0009609609609609609	0.0010273072604343359	0.0011951083935519734	0.00101603889977502
Paenibacillaceae	0.001041041041041041	0.0012662159256516233	0.0011673151750972762	0.001959503592423253
Desulfonatronaceae	0.00024024024024024023	0.0003822538643476599	0.0010839355197331852	0.0007983162783946585
Micrococcaceae	0.001081081081081081	0.0011706524595647084	0.001500833796553641	0.0011611873140285943
Rhodothermaceae	0.001041041041041041	0.0013378885252168097	0.0009171762090050028	0.0016329196603527107
Unclassified Verrucomicrobia unclassified	0.0027227227227227227	0.0016962515230427408	0.0	0.0
Thermaceae	0.0006806806806806807	0.0009556346608691497	0.0011673151750972762	0.0014151970389723492
Methanosarcinaceae	0.00028028028028028026	2.3890866521728743e-05	8.337965536409116e-05	0.00010886131069018071
Corynebacteriales unclassified	0.0011611611611611612	0.001122870726521251	0.0014452473596442469	0.0013426228318455622
Cyanobacteria unclassified	0.0013613613613613614	0.0014095611247819959	0.0012229016120066704	0.0012337615211553813
Xanthomonadales unclassified	0.0009209209209209209	0.0014334519913037245	0.0011117287381878821	0.0017417809710428913
Chromobacteriaceae	0.0009209209209209209	0.000931743794347421	0.002251250694830461	0.0014514841425357428
Syntrophaceae	0.0004404404404404404	2.3890866521728743e-05	0.0004168982768204558	0.0006894549677044778
Sinobacteraceae	0.0012012012012012011	0.0012423250591298946	0.0013340744858254586	0.001596632556789317
Solibacteraceae	0.002242242242242242	0.0008600711947822347	0.0016953863257365203	0.001270048624718775
Oscillatoriophycideae unclassified	0.0016016016016016017	0.0017201423895644695	0.0009171762090050028	0.001088613106901807
Desulfuromonadaceae	0.0006006006006006006	0.00043003559739111737	0.001028349082823791	0.00101603889977502
Bacillales unclassified	0.001001001001001001	0.0010273072604343359	0.001056142301278488	0.0006168807605776907
Chloroflexi unclassified	0.001041041041041041	0.0005017081969563036	0.0007226236798221234	0.0011974744175919877
Parcubacteria group unclassified	0.0007607607607607608	0.00031058126478247366	0.0007504168982768205	0.0013426228318455622
Saprospiraceae	0.00028028028028028026	0.0028430131160857206	0.0016397998888271262	0.0008346033819580522
Prolixibacteraceae	0.00012012012012012012	4.778173304345749e-05	0.0004724847137298499	3.628710356339357e-05
Rhodobacterales unclassified	0.0012812812812812813	0.0010511981269560647	0.0009171762090050028	0.0008708904855214457
Desulfovibrionales unclassified	0.0004004004004004004	0.00040614473086938866	0.0005836575875486381	0.0009434646926482328
Rikenellaceae	0.0005205205205205205	0.0006928351291301335	0.0009449694274596998	0.0010523260033384134
Deinococcaceae	0.0008408408408408409	0.0007645077286953198	0.0009727626459143969	0.0008708904855214457
Cytophagaceae	0.001081081081081081	0.0024607592517380604	0.0014174541411895497	0.0006531678641410843
Cystobacterineae unclassified	0.0008408408408408409	0.000836180328260506	0.0009727626459143969	0.0009071775890848393
Syntrophobacteraceae	0.0007207207207207207	0.00031058126478247366	0.0004168982768204558	0.0005443065534509035
Porphyromonadaceae	0.0004004004004004004	0.00047781733043457484	0.0008060033351862145	0.0007257420712678714
Clostridia unclassified	0.0006806806806806807	0.00023890866521728742	0.0005558643690939411	0.00050801944988751
Pseudonocardiaceae	0.0008408408408408409	0.0006928351291301335	0.0009171762090050028	0.0005443065534509035
Nocardiopsaceae	0.0008408408408408409	0.0006689442626084048	0.0005002779321845469	0.0011249002104652007
Labilitrichaceae	0.0016416416416416416	0.0008122894617387773	0.0008337965536409116	0.0005443065534509035
Scytonemataceae	0.001081081081081081	0.0008600711947822347	0.0006948304613674264	0.0007983162783946585
Holophagaceae	0.00048048048048048047	0.00031058126478247366	0.0003057254030016676	0.0008346033819580522
Intrasporangiaceae	0.0007207207207207207	0.0007883985952170486	0.0009171762090050028	0.0009434646926482328
Bacteria candidate phyla unclassified	0.00036036036036036037	0.00014334519913037245	0.0003613118399110617	0.0002902968285071486
Pelobacteraceae	0.00024024024024024023	9.556346608691497e-05	0.00025013896609227346	0.0002902968285071486
Vulgatibacteraceae	0.0006006006006006006	0.0005733807965214898	0.0006392440244580322	0.0007983162783946585
Nitrosomonadaceae	0.0012412412412412413	0.0010273072604343359	0.0009449694274596998	0.0034472748385223893
Anaerolineae unclassified	0.00016016016016016016	2.3890866521728743e-05	0.0004168982768204558	0.00043544524276072284
Nostocaceae	0.0005205205205205205	0.0011706524595647084	0.0005836575875486381	0.0003628710356339357
Acidimicrobiaceae	4.004004004004004e-05	0.0006689442626084048	0.00025013896609227346	0.0011249002104652007
Actinomycetaceae	0.0004404404404404404	0.0003344721313042024	0.00044469149527515285	0.0007257420712678714
Solirubrobacteraceae	0.00048048048048048047	0.00045392646391284613	0.000528071150639244	0.0002902968285071486
Frankiaceae	0.0005605605605605605	0.0006689442626084048	0.00044469149527515285	0.00101603889977502
Chromatiales unclassified	0.0004404404404404404	0.00045392646391284613	0.00027793218454697053	0.00050801944988751
Competibacteraceae	0.0	0.0005733807965214898	0.0009171762090050028	0.00039915813919732927
Corynebacteriaceae	0.00036036036036036037	0.0002627995317390162	0.0004168982768204558	0.0007257420712678714
Parvularculaceae	0.0008408408408408409	0.000836180328260506	0.0007504168982768205	0.0004717323463241164
Micromonosporaceae	0.0004404404404404404	0.00035836299782593113	0.0010005558643690939	0.00043544524276072284
Prevotellaceae	0.00036036036036036037	0.0003344721313042024	0.000528071150639244	0.00039915813919732927
Roseiflexaceae	4.004004004004004e-05	0.00021501779869555868	0.0008615897720956086	0.0
Puniceicoccaceae	0.0005205205205205205	0.0002627995317390162	0.0004724847137298499	0.0
Moraxellaceae	0.0007607607607607608	0.00040614473086938866	0.0005002779321845469	0.0006531678641410843
Thermoplasmatales unclassified	0.0003203203203203203	0.0	0.0	0.0
Vibrionaceae	0.0006406406406406406	0.0002627995317390162	0.0007782101167315176	0.0003628710356339357
Armatimonadetes unclassified	0.0005205205205205205	0.00035836299782593113	8.337965536409116e-05	0.00021772262138036142
Synergistaceae	8.008008008008008e-05	0.0	0.0003891050583657588	0.00032658393207054214
Clostridiaceae	0.00028028028028028026	9.556346608691497e-05	0.00033351862145636465	0.000254009724943755
Cellulomonadaceae	0.0004004004004004004	0.00045392646391284613	0.00033351862145636465	0.0003628710356339357
Caldilineaceae	0.00024024024024024023	0.00031058126478247366	0.00044469149527515285	0.00043544524276072284
Veillonellaceae	0.00016016016016016016	0.0002866903982607449	0.00033351862145636465	0.0004717323463241164
Gordoniaceae	0.0003203203203203203	0.00047781733043457484	0.0007782101167315176	0.0006168807605776907
Chlorobiaceae	0.00012012012012012012	2.3890866521728743e-05	0.0010839355197331852	7.257420712678714e-05
Neisseriaceae	0.00028028028028028026	0.0005255990634780324	0.0003891050583657588	0.000254009724943755
Archaea unclassified	0.0002002002002002002	4.778173304345749e-05	0.00011117287381878821	0.0009071775890848393
Streptosporangiaceae	0.0003203203203203203	0.0005017081969563036	0.0003613118399110617	0.0006531678641410843
Prochlorotrichaceae	0.0006006006006006006	0.0006928351291301335	0.0006392440244580322	0.00043544524276072284
Peptococcaceae	8.008008008008008e-05	0.00021501779869555868	0.00016675931072818233	0.000254009724943755
Thermomonosporaceae	0.00028028028028028026	0.00035836299782593113	0.00033351862145636465	0.0009071775890848393
Alcanivoracaceae	0.0004404404404404404	9.556346608691497e-05	0.0006114508060033352	0.00043544524276072284
Brucellaceae	0.0004004004004004004	0.0005017081969563036	0.00033351862145636465	0.0004717323463241164
Halobacteria unclassified	0.0012012012012012011	0.0002627995317390162	0.00025013896609227346	0.0004717323463241164
Lachnospiraceae	0.00028028028028028026	0.00021501779869555868	0.00027793218454697053	0.00043544524276072284
Candidatus Rokubacteria unclassified	0.0004004004004004004	0.00023890866521728742	0.00044469149527515285	0.00032658393207054214
Oscillochloridaceae	0.0	0.00040614473086938866	0.0005558643690939411	0.0006531678641410843
Verrucomicrobiales unclassified	4.004004004004004e-05	0.0002866903982607449	0.00044469149527515285	0.0
Dehalococcoidia unclassified	0.00016016016016016016	4.778173304345749e-05	0.00025013896609227346	0.00010886131069018071
Flammeovirgaceae	0.002002002002002002	0.0002627995317390162	0.0006114508060033352	7.257420712678714e-05
Halothiobacillaceae	0.0005605605605605605	4.778173304345749e-05	0.00027793218454697053	0.00021772262138036142
Verrucomicrobia subdivision 3	0.0005605605605605605	0.00045392646391284613	0.00027793218454697053	0.0
Demequinaceae	0.0002002002002002002	0.00023890866521728742	0.0003613118399110617	0.00050801944988751
Microgenomates group unclassified	0.00028028028028028026	0.0003822538643476599	0.0003891050583657588	0.0005805936570142972
Propionibacteriaceae	0.00024024024024024023	0.0002866903982607449	0.00027793218454697053	0.00039915813919732927
Clostridiales Family XVII. Incertae Sedis	8.008008008008008e-05	2.3890866521728743e-05	0.00022234574763757643	0.00010886131069018071
Sphaerobacteraceae	0.0	0.00023890866521728742	0.00022234574763757643	0.00039915813919732927
Stigonematales unclassified	0.0004404404404404404	0.00043003559739111737	0.0003891050583657588	0.00032658393207054214
Thermithiobacillaceae	0.00036036036036036037	0.00047781733043457484	0.0003057254030016676	0.00043544524276072284
Nitrospiraceae	0.0002002002002002002	0.0002627995317390162	0.0006114508060033352	0.0005805936570142972
Halieaceae	0.0004404404404404404	0.00023890866521728742	0.00044469149527515285	0.00039915813919732927
Chloroflexaceae	4.004004004004004e-05	0.00021501779869555868	0.00025013896609227346	0.0003628710356339357
Haloferacaceae	0.0006806806806806807	0.0001672360656521012	0.00016675931072818233	0.00039915813919732927
Wenzhouxiangellaceae	0.00028028028028028026	0.00043003559739111737	0.00033351862145636465	0.00032658393207054214
Limnochordaceae	0.0	0.0	0.0003613118399110617	0.0004717323463241164
Symbiobacteriaceae	0.0	0.0003344721313042024	0.00016675931072818233	0.00032658393207054214
Solibacterales unclassified	0.0006806806806806807	0.0002866903982607449	0.0005836575875486381	0.00043544524276072284
Coriobacteriaceae	0.00016016016016016016	0.0002627995317390162	0.0003057254030016676	0.00021772262138036142
Syntrophorhabdaceae	0.0	0.0	0.00013896609227348526	0.00032658393207054214
Euryarchaeota unclassified	8.008008008008008e-05	0.0	8.337965536409116e-05	0.0002902968285071486
Chitinophagaceae	0.00012012012012012012	0.00014334519913037245	5.558643690939411e-05	3.628710356339357e-05
Conexibacteraceae	0.0	0.0001672360656521012	0.00044469149527515285	0.00039915813919732927
Desulfuromonadales unclassified	0.00028028028028028026	0.00014334519913037245	0.00022234574763757643	0.000254009724943755
Bifidobacteriaceae	8.008008008008008e-05	0.00023890866521728742	0.00013896609227348526	7.257420712678714e-05
Desulfobacterales unclassified	0.00016016016016016016	4.778173304345749e-05	0.00011117287381878821	0.00018143551781696785
Gloeobacterales unclassified	0.0003203203203203203	0.0006211625295649473	0.00027793218454697053	0.0004717323463241164
Kosmotogaceae	0.0	0.0	0.0	7.257420712678714e-05
Nitrospinaceae	0.0006406406406406406	0.00023890866521728742	0.00022234574763757643	0.0006168807605776907
Microchaetaceae	0.0	0.0006450533960866761	0.0006948304613674264	0.00043544524276072284
Ruminococcaceae	0.00016016016016016016	0.00021501779869555868	0.00025013896609227346	0.00010886131069018071
Halobacteriaceae	0.0006806806806806807	7.167259956518622e-05	0.00022234574763757643	0.0001451484142535743
Ardenticatenaceae	0.0	0.00019112693217382995	0.00033351862145636465	0.0
Pseudomonadales unclassified	0.00016016016016016016	0.00019112693217382995	0.00016675931072818233	0.00018143551781696785
Streptosporangiales unclassified	0.00024024024024024023	0.00019112693217382995	0.00025013896609227346	0.00018143551781696785
Sorangiineae unclassified	0.0002002002002002002	0.00023890866521728742	0.00033351862145636465	0.0002902968285071486
PVC group unclassified	0.00024024024024024023	0.00014334519913037245	8.337965536409116e-05	0.00010886131069018071
Lactobacillaceae	8.008008008008008e-05	0.00019112693217382995	0.00016675931072818233	0.000254009724943755
Cloacimonetes unclassified	8.008008008008008e-05	9.556346608691497e-05	0.00022234574763757643	7.257420712678714e-05
Algiphilaceae	0.00028028028028028026	0.00031058126478247366	0.0001945525291828794	0.00018143551781696785
Trueperaceae	0.0	0.00023890866521728742	0.0003057254030016676	0.000254009724943755
Bacilli unclassified	0.0004004004004004004	0.00023890866521728742	0.00022234574763757643	0.0001451484142535743
Methylothermaceae	0.0	0.00011945433260864371	0.00022234574763757643	0.0
Legionellaceae	0.0004404404404404404	0.00043003559739111737	0.00022234574763757643	0.0001451484142535743
Solirubrobacterales unclassified	8.008008008008008e-05	0.0002866903982607449	0.0001945525291828794	7.257420712678714e-05
Campylobacteraceae	8.008008008008008e-05	9.556346608691497e-05	0.00013896609227348526	0.0001451484142535743
Eggerthellaceae	8.008008008008008e-05	0.00021501779869555868	0.00044469149527515285	0.0001451484142535743
Patescibacteria group unclassified	8.008008008008008e-05	9.556346608691497e-05	5.558643690939411e-05	0.0002902968285071486
Francisellaceae	0.0	0.00035836299782593113	0.0006948304613674264	0.0
Streptococcaceae	0.00016016016016016016	9.556346608691497e-05	0.00016675931072818233	0.00021772262138036142
FCB group unclassified	0.00028028028028028026	9.556346608691497e-05	0.0003891050583657588	7.257420712678714e-05
Thermoanaerobacteraceae	8.008008008008008e-05	4.778173304345749e-05	8.337965536409116e-05	0.00010886131069018071
Nanoarchaeota unclassified	4.004004004004004e-05	0.0	0.00013896609227348526	0.0002902968285071486
Acidithiobacillales unclassified	0.0002002002002002002	0.00021501779869555868	0.00033351862145636465	7.257420712678714e-05
Natrialbaceae	0.0002002002002002002	0.00019112693217382995	0.00011117287381878821	0.00021772262138036142
Pseudoalteromonadaceae	0.00024024024024024023	0.00011945433260864371	0.0003057254030016676	0.00021772262138036142
Leotiomyceta unclassified	0.0	0.0005494899299997611	0.000528071150639244	7.257420712678714e-05
Candidatus Moranbacteria unclassified	0.00016016016016016016	0.00011945433260864371	0.00013896609227348526	0.00021772262138036142
Cytophagales unclassified	0.0005205205205205205	0.00021501779869555868	0.00027793218454697053	0.00018143551781696785
Candidate division NC10 unclassified	0.0	0.0	0.0	0.0
Nostocales unclassified	0.00012012012012012012	0.0002627995317390162	0.00022234574763757643	0.0002902968285071486
Alicyclobacillaceae	0.00012012012012012012	0.00011945433260864371	0.0001945525291828794	0.0001451484142535743
Oscillospiraceae	0.00028028028028028026	0.00011945433260864371	0.0001945525291828794	0.00018143551781696785
Planctomycetales unclassified	0.0002002002002002002	7.167259956518622e-05	8.337965536409116e-05	0.00021772262138036142
Methylophilaceae	0.0002002002002002002	0.00021501779869555868	0.00025013896609227346	0.0001451484142535743
Rubrobacteraceae	0.0	0.0	5.558643690939411e-05	0.0003628710356339357
Marinimicrobia unclassified	4.004004004004004e-05	0.00019112693217382995	0.0001945525291828794	0.00010886131069018071
Alteromonadales unclassified	0.00016016016016016016	9.556346608691497e-05	0.00022234574763757643	0.00018143551781696785
Akkermansiaceae	8.008008008008008e-05	2.3890866521728743e-05	8.337965536409116e-05	0.00010886131069018071
Promicromonosporaceae	8.008008008008008e-05	0.00014334519913037245	0.00025013896609227346	3.628710356339357e-05
Omnitrophica unclassified	0.0	0.0	0.0	0.0
Helicobacteraceae	0.0002002002002002002	7.167259956518622e-05	0.0001945525291828794	0.00010886131069018071
Flavobacteriales unclassified	0.0002002002002002002	0.0002627995317390162	0.00011117287381878821	3.628710356339357e-05
Atopobiaceae	0.0002002002002002002	7.167259956518622e-05	0.00013896609227348526	3.628710356339357e-05
Halobacteroidaceae	0.0	0.0	5.558643690939411e-05	3.628710356339357e-05
Nitriliruptoraceae	0.0	0.00021501779869555868	0.0003057254030016676	0.0
Bacteroidetes/Chlorobi group unclassified	8.008008008008008e-05	0.00035836299782593113	0.00025013896609227346	7.257420712678714e-05
Dermabacteraceae	4.004004004004004e-05	0.0001672360656521012	0.00016675931072818233	0.00018143551781696785
Candidatus Uhrbacteria unclassified	4.004004004004004e-05	4.778173304345749e-05	0.00013896609227348526	0.000254009724943755
Deinococci unclassified	8.008008008008008e-05	4.778173304345749e-05	0.00011117287381878821	0.0001451484142535743
Patulibacteraceae	0.0	0.0002866903982607449	0.0	0.0006168807605776907
Fusobacteriaceae	0.00028028028028028026	7.167259956518622e-05	5.558643690939411e-05	0.0001451484142535743
Rivulariaceae	0.0	0.0	0.0005002779321845469	0.0
Geodermatophilaceae	0.00016016016016016016	2.3890866521728743e-05	8.337965536409116e-05	0.00018143551781696785
Cryomorphaceae	0.00024024024024024023	9.556346608691497e-05	8.337965536409116e-05	0.0001451484142535743
Thermoactinomycetaceae	0.00012012012012012012	0.00014334519913037245	0.00013896609227348526	7.257420712678714e-05
Candidatus Peregrinibacteria unclassified	8.008008008008008e-05	7.167259956518622e-05	0.00016675931072818233	0.00018143551781696785
Thiotrichaceae	0.0	0.0	2.7793218454697053e-05	0.0
Oceanospirillaceae	4.004004004004004e-05	7.167259956518622e-05	2.7793218454697053e-05	3.628710356339357e-05
Sulfuricellaceae	0.0	9.556346608691497e-05	0.00022234574763757643	0.00032658393207054214
Thaumarchaeota unclassified	8.008008008008008e-05	0.00021501779869555868	8.337965536409116e-05	0.0001451484142535743
Candidatus Falkowbacteria unclassified	0.0	4.778173304345749e-05	5.558643690939411e-05	0.00018143551781696785
Leptospiraceae	4.004004004004004e-05	2.3890866521728743e-05	8.337965536409116e-05	0.00010886131069018071
Candidatus Atribacteria unclassified	4.004004004004004e-05	0.0	2.7793218454697053e-05	0.0
Staphylococcaceae	0.00012012012012012012	4.778173304345749e-05	0.00011117287381878821	0.00010886131069018071
Sphingobacteriaceae	4.004004004004004e-05	7.167259956518622e-05	0.00022234574763757643	3.628710356339357e-05
Shewanellaceae	0.0	2.3890866521728743e-05	8.337965536409116e-05	0.0001451484142535743
Prochlorococcaceae	0.0002002002002002002	9.556346608691497e-05	0.00011117287381878821	7.257420712678714e-05
Simkaniaceae	0.0002002002002002002	0.00011945433260864371	0.00016675931072818233	0.0001451484142535743
Piscirickettsiaceae	0.00012012012012012012	4.778173304345749e-05	8.337965536409116e-05	3.628710356339357e-05
Coriobacteriia unclassified	0.0	2.3890866521728743e-05	5.558643690939411e-05	0.0001451484142535743
Oceanospirillales unclassified	4.004004004004004e-05	0.0001672360656521012	8.337965536409116e-05	7.257420712678714e-05
Cellvibrionaceae	0.00012012012012012012	0.00011945433260864371	5.558643690939411e-05	0.00010886131069018071
Methanomicrobiaceae	4.004004004004004e-05	9.556346608691497e-05	2.7793218454697053e-05	0.0
Candidatus Parcubacteria unclassified	4.004004004004004e-05	0.0	5.558643690939411e-05	0.0
Flavobacteriia unclassified	8.008008008008008e-05	0.00014334519913037245	2.7793218454697053e-05	0.0
Thermotogaceae	8.008008008008008e-05	2.3890866521728743e-05	8.337965536409116e-05	3.628710356339357e-05
Candidatus Magasanikbacteria unclassified	0.0	2.3890866521728743e-05	2.7793218454697053e-05	0.00010886131069018071
Pasteurellaceae	0.00016016016016016016	0.0	8.337965536409116e-05	0.0
Sutterellaceae	0.00016016016016016016	2.3890866521728743e-05	5.558643690939411e-05	0.0001451484142535743
Latescibacteria unclassified	0.0	2.3890866521728743e-05	2.7793218454697053e-05	3.628710356339357e-05
Gallionellaceae	0.0	0.0001672360656521012	0.00013896609227348526	0.00032658393207054214
Enterococcaceae	0.0	2.3890866521728743e-05	5.558643690939411e-05	7.257420712678714e-05
Chrysiogenaceae	0.0	0.0	0.0	0.0
Dermatophilaceae	4.004004004004004e-05	2.3890866521728743e-05	5.558643690939411e-05	3.628710356339357e-05
Candidatus Hydrogenedentes unclassified	4.004004004004004e-05	2.3890866521728743e-05	5.558643690939411e-05	0.00018143551781696785
Synergistales unclassified	4.004004004004004e-05	0.0	2.7793218454697053e-05	7.257420712678714e-05
Candidate division Zixibacteria unclassified	4.004004004004004e-05	2.3890866521728743e-05	2.7793218454697053e-05	3.628710356339357e-05
Dermacoccaceae	4.004004004004004e-05	2.3890866521728743e-05	5.558643690939411e-05	0.0001451484142535743
Bacteroidia unclassified	0.00012012012012012012	7.167259956518622e-05	2.7793218454697053e-05	0.0
Salinisphaeraceae	0.0	0.00011945433260864371	0.0	0.0
Ignavibacteriaceae	0.0	0.0	0.0	0.00039915813919732927
Lactobacillales unclassified	0.00012012012012012012	4.778173304345749e-05	8.337965536409116e-05	7.257420712678714e-05
Pleurocapsales unclassified	0.0	4.778173304345749e-05	2.7793218454697053e-05	0.0
Propionibacteriales unclassified	4.004004004004004e-05	4.778173304345749e-05	0.00011117287381878821	7.257420712678714e-05
Verrucomicrobia subdivision 6	8.008008008008008e-05	7.167259956518622e-05	8.337965536409116e-05	0.0
Candidatus Nomurabacteria unclassified	8.008008008008008e-05	4.778173304345749e-05	2.7793218454697053e-05	0.00010886131069018071
Candidatus Woesebacteria unclassified	0.0	4.778173304345749e-05	0.00011117287381878821	3.628710356339357e-05
Microthrixaceae	0.0	0.00021501779869555868	0.0	0.00043544524276072284
Candidatus Aminicenantes unclassified	8.008008008008008e-05	0.0	2.7793218454697053e-05	0.00010886131069018071
Marinifilaceae	0.0	0.0	0.0003613118399110617	0.0
Anaplasmataceae	0.00016016016016016016	2.3890866521728743e-05	8.337965536409116e-05	0.0
Chloroflexales unclassified	0.0	2.3890866521728743e-05	5.558643690939411e-05	3.628710356339357e-05
Chloroflexineae unclassified	0.0	4.778173304345749e-05	5.558643690939411e-05	0.00010886131069018071
Candidatus Wolfebacteria unclassified	4.004004004004004e-05	2.3890866521728743e-05	5.558643690939411e-05	0.0
Candidatus Campbellbacteria unclassified	0.0	2.3890866521728743e-05	0.0	0.0
Peptostreptococcaceae	8.008008008008008e-05	0.0	5.558643690939411e-05	0.0
Idiomarinaceae	0.0	2.3890866521728743e-05	0.0	3.628710356339357e-05
Thermoanaerobacterales Family III. Incertae Sedis	0.0	2.3890866521728743e-05	2.7793218454697053e-05	0.0
Candidatus Acetothermia unclassified	0.0	0.0	0.0	0.0
Dikarya unclassified	0.0	7.167259956518622e-05	8.337965536409116e-05	0.0
Acidaminococcaceae	4.004004004004004e-05	0.0	0.0	0.0
Methanobacteriaceae	0.0	2.3890866521728743e-05	5.558643690939411e-05	3.628710356339357e-05
Unclassified Archaea unclassified	0.0	0.0	0.0	0.0
Cryptosporangiaceae	0.0	0.0	0.0	0.00032658393207054214
Coriobacteriales unclassified	0.0	0.0	5.558643690939411e-05	0.00010886131069018071
Neisseriales unclassified	4.004004004004004e-05	0.00011945433260864371	0.0	0.0
Candidate division WWE3 unclassified	4.004004004004004e-05	7.167259956518622e-05	2.7793218454697053e-05	3.628710356339357e-05
Peptoniphilaceae	0.0	7.167259956518622e-05	8.337965536409116e-05	0.0
Candidatus Beckwithbacteria unclassified	0.0	4.778173304345749e-05	8.337965536409116e-05	0.0
Candidatus Amesbacteria unclassified	0.0	0.0	2.7793218454697053e-05	3.628710356339357e-05
Acidithiobacillaceae	0.0	0.0	0.0	0.0
Candidatus Kaiserbacteria unclassified	0.0	7.167259956518622e-05	0.0	0.0
Nitrospirae unclassified	4.004004004004004e-05	2.3890866521728743e-05	5.558643690939411e-05	0.00010886131069018071
Candidate division CPR2 unclassified	4.004004004004004e-05	7.167259956518622e-05	5.558643690939411e-05	3.628710356339357e-05
Cellvibrionales unclassified	4.004004004004004e-05	9.556346608691497e-05	8.337965536409116e-05	3.628710356339357e-05
Ferrimonadaceae	0.0	0.0	5.558643690939411e-05	3.628710356339357e-05
Candidatus Roizmanbacteria unclassified	0.0	2.3890866521728743e-05	2.7793218454697053e-05	7.257420712678714e-05
Rickettsiaceae	0.0	2.3890866521728743e-05	8.337965536409116e-05	7.257420712678714e-05
Heliobacteriaceae	0.0	0.0	0.0	0.0
Thermococcaceae	4.004004004004004e-05	0.0	2.7793218454697053e-05	3.628710356339357e-05
Brachyspiraceae	8.008008008008008e-05	2.3890866521728743e-05	5.558643690939411e-05	0.0
Kordiimonadaceae	0.0	0.00014334519913037245	0.00016675931072818233	0.0
Epsilonproteobacteria unclassified	0.0	0.0	5.558643690939411e-05	7.257420712678714e-05
Glycomycetaceae	8.008008008008008e-05	2.3890866521728743e-05	0.00013896609227348526	0.0
Nannocystineae unclassified	0.0	4.778173304345749e-05	2.7793218454697053e-05	3.628710356339357e-05
Jiangellaceae	8.008008008008008e-05	0.0	2.7793218454697053e-05	0.0
Borreliaceae	4.004004004004004e-05	2.3890866521728743e-05	0.0	3.628710356339357e-05
Listeriaceae	0.0	9.556346608691497e-05	8.337965536409116e-05	0.0
Candidatus Daviesbacteria unclassified	0.0	0.0	0.0	3.628710356339357e-05
Chlamydiales unclassified	4.004004004004004e-05	2.3890866521728743e-05	0.0	0.0
Fibrobacteria unclassified	4.004004004004004e-05	2.3890866521728743e-05	5.558643690939411e-05	7.257420712678714e-05
Colwelliaceae	8.008008008008008e-05	2.3890866521728743e-05	5.558643690939411e-05	0.0
Dehalococcoidaceae	8.008008008008008e-05	0.0	2.7793218454697053e-05	3.628710356339357e-05
Candidatus Fervidibacteria unclassified	4.004004004004004e-05	0.0	5.558643690939411e-05	0.0
Candidatus Pacebacteria unclassified	4.004004004004004e-05	4.778173304345749e-05	5.558643690939411e-05	3.628710356339357e-05
Eubacteriaceae	0.0	0.0	2.7793218454697053e-05	0.00010886131069018071
Candidatus Azambacteria unclassified	0.0	4.778173304345749e-05	2.7793218454697053e-05	3.628710356339357e-05
Fimbriimonadaceae	0.0	0.0	0.0	0.00039915813919732927
Delta/epsilon subdivisions unclassified	0.0	0.0	0.0	0.0
Williamsiaceae	8.008008008008008e-05	2.3890866521728743e-05	8.337965536409116e-05	0.0
Thermotogae unclassified	0.0	0.0	5.558643690939411e-05	0.0
Herpetosiphonaceae	4.004004004004004e-05	2.3890866521728743e-05	2.7793218454697053e-05	0.00010886131069018071
Campylobacterales unclassified	4.004004004004004e-05	0.0	5.558643690939411e-05	0.0
Carnobacteriaceae	0.0	2.3890866521728743e-05	2.7793218454697053e-05	3.628710356339357e-05
Candidatus Collierbacteria unclassified	0.0	4.778173304345749e-05	2.7793218454697053e-05	3.628710356339357e-05
Thermomicrobia unclassified	0.0	0.0	0.0	0.0
Brevibacteriaceae	4.004004004004004e-05	0.0	2.7793218454697053e-05	0.0
Nautiliaceae	4.004004004004004e-05	0.0	0.0	0.0
Methanomicrobia unclassified	0.0	0.0	0.0	0.0
Candidatus Gottesmanbacteria unclassified	0.0	4.778173304345749e-05	0.0	0.0
Candidatus Shapirobacteria unclassified	0.0	2.3890866521728743e-05	5.558643690939411e-05	0.0
Bartonellaceae	0.0	0.0	8.337965536409116e-05	0.0
Rickettsiales unclassified	4.004004004004004e-05	0.0	0.0	7.257420712678714e-05
Syntrophobacterales unclassified	0.0	0.0	0.0	3.628710356339357e-05
Candidatus Peribacteria unclassified	4.004004004004004e-05	0.0	5.558643690939411e-05	0.0
Sporolactobacillaceae	0.0	0.0	0.0	0.0
Candidatus Adlerbacteria unclassified	0.0	2.3890866521728743e-05	0.0	3.628710356339357e-05
Aquificaceae	0.0	2.3890866521728743e-05	2.7793218454697053e-05	0.0
Candidatus Jorgensenbacteria unclassified	0.0	2.3890866521728743e-05	2.7793218454697053e-05	0.0
Hydrogenothermaceae	0.0	0.0	2.7793218454697053e-05	0.0
Nitrosopumilaceae	0.0	0.0	5.558643690939411e-05	0.00010886131069018071
Blastocatellia unclassified	0.0	0.0	0.0	0.0
Thermoanaerobacterales unclassified	0.00012012012012012012	4.778173304345749e-05	0.0	0.0
Syntrophomonadaceae	4.004004004004004e-05	0.0	5.558643690939411e-05	0.0
Acidimicrobiia unclassified	4.004004004004004e-05	0.0	0.0	0.0
Parachlamydiaceae	8.008008008008008e-05	0.0	2.7793218454697053e-05	3.628710356339357e-05
Candidatus Poribacteria unclassified	8.008008008008008e-05	0.0	0.0	3.628710356339357e-05
Opitutae unclassified	8.008008008008008e-05	0.0	0.0	0.0
Pelagibacteraceae	0.0	2.3890866521728743e-05	5.558643690939411e-05	3.628710356339357e-05
Candidatus Brocadiaceae	0.0	2.3890866521728743e-05	0.0	0.0
Zetaproteobacteria unclassified	0.0	0.0	2.7793218454697053e-05	3.628710356339357e-05
Halobacteriales unclassified	0.0	0.0	2.7793218454697053e-05	3.628710356339357e-05
Blattabacteriaceae	8.008008008008008e-05	0.0	0.0	3.628710356339357e-05
Chlamydiae unclassified	4.004004004004004e-05	0.0	2.7793218454697053e-05	0.0
Methylophilales unclassified	0.0	2.3890866521728743e-05	0.0	0.0
Saccharomyceta unclassified	4.004004004004004e-05	2.3890866521728743e-05	0.0	0.0
Mollicutes unclassified	0.0	0.0	0.0	0.0
Leptotrichiaceae	0.0	0.0	2.7793218454697053e-05	0.0
Chlamydiaceae	0.0	0.0	2.7793218454697053e-05	0.0
Bdellovibrionales unclassified	0.0	2.3890866521728743e-05	0.0	3.628710356339357e-05
Botryosphaeriaceae	0.0	4.778173304345749e-05	2.7793218454697053e-05	0.0
Frankiales unclassified	4.004004004004004e-05	2.3890866521728743e-05	2.7793218454697053e-05	0.0
Coxiellaceae	4.004004004004004e-05	0.0	0.0	0.0
Planctomycetia unclassified	4.004004004004004e-05	0.0	5.558643690939411e-05	0.0
Spirochaetes unclassified	4.004004004004004e-05	2.3890866521728743e-05	0.0	0.0
Mycoplasmataceae	0.0	2.3890866521728743e-05	2.7793218454697053e-05	3.628710356339357e-05
Acholeplasmataceae	0.0	2.3890866521728743e-05	0.0	0.0
Planococcaceae	0.0	2.3890866521728743e-05	0.0	3.628710356339357e-05
Tissierellia unclassified	0.0	0.0	0.0	3.628710356339357e-05
Thermoproteaceae	0.0	0.0	0.0	0.0
Methanocaldococcaceae	0.0	0.0	0.0	0.0
Myoviridae	0.0	2.3890866521728743e-05	0.0	0.0
Candidatus Saccharibacteria unclassified	0.0	0.0	0.0	3.628710356339357e-05
Candidatus Berkelbacteria unclassified	0.0	0.0	0.0	0.0
Spirochaetales unclassified	0.0	0.0	0.0	0.0
Crenarchaeota unclassified	4.004004004004004e-05	0.0	2.7793218454697053e-05	0.0
Elusimicrobia unclassified	4.004004004004004e-05	0.0	0.0	0.0
Aerococcaceae	4.004004004004004e-05	0.0	0.0	3.628710356339357e-05
Gemmatimonadetes unclassified	0.0	0.0	0.0	0.0001451484142535743
Moritellaceae	4.004004004004004e-05	0.0	0.0	0.0
Methylacidiphilaceae	4.004004004004004e-05	2.3890866521728743e-05	0.0	0.0
Selenomonadales unclassified	4.004004004004004e-05	0.0	0.0	3.628710356339357e-05
Fervidobacteriaceae	0.0	0.0	0.0	3.628710356339357e-05
Sordariomycetes unclassified	0.0	0.0	2.7793218454697053e-05	0.0
Nitrososphaeraceae	0.0	0.0	0.0	0.0
Candidate division CPR3 unclassified	0.0	0.0	0.0	0.0
Spongiibacteraceae	0.0	0.0	5.558643690939411e-05	0.0
Candidatus Giovannonibacteria unclassified	0.0	0.0	0.0	0.0
Phycodnaviridae	0.0	0.0	0.0	0.0
Candidatus Levybacteria unclassified	0.0	0.0	0.0	3.628710356339357e-05
Petrotogales unclassified	0.0	0.0	5.558643690939411e-05	0.0
Leuconostocaceae	0.0	0.0	0.0	3.628710356339357e-05
Methanomicrobiales unclassified	0.0	0.0	0.0	0.0
Pleosporaceae	4.004004004004004e-05	2.3890866521728743e-05	2.7793218454697053e-05	0.0
Dictyosteliida unclassified	8.008008008008008e-05	0.0	0.0	0.0
Deinococcales unclassified	0.0	0.0	0.0	3.628710356339357e-05
Legionellales unclassified	0.0	2.3890866521728743e-05	0.0	3.628710356339357e-05
Methylococcales unclassified	0.0	0.0	2.7793218454697053e-05	0.0
Mesoniviridae	4.004004004004004e-05	2.3890866521728743e-05	0.0	3.628710356339357e-05
Candidatus Paracaedibacteraceae	4.004004004004004e-05	0.0	2.7793218454697053e-05	0.0
Clostridiales Family XIII. Incertae Sedis	0.0	0.0	0.0	0.0
Holosporaceae	0.0	0.0	0.0	0.0
Basidiomycota unclassified	0.0	0.0	0.0	0.0
Bdellovibrionaceae	0.0	2.3890866521728743e-05	0.0	3.628710356339357e-05
Candidatus Curtissbacteria unclassified	0.0	2.3890866521728743e-05	0.0	0.0
Amoebophilaceae	0.0	0.0	0.0	0.0
Hahellaceae	0.0	0.0	0.0	0.0
Trypanosomatidae	0.0	0.0	5.558643690939411e-05	0.0
Thermotogales unclassified	0.0	0.0	0.0	0.0
Fungi unclassified	0.0	2.3890866521728743e-05	0.0	0.0
Ascomycota unclassified	0.0	2.3890866521728743e-05	0.0	0.0
Chloroflexia unclassified	0.0	2.3890866521728743e-05	0.0	0.0
Thiotrichales unclassified	0.0	0.0	0.0	0.0
Acidimicrobiales unclassified	0.0	0.0	0.0	3.628710356339357e-05
Methanosarcinales unclassified	0.0	0.0	0.0	0.0
Vibrionales unclassified	0.0	0.0	0.0	0.0
Sphingobacteriales unclassified	0.0	0.0	0.0	0.0
Thermotogae unclassified	0.0	0.0	2.7793218454697053e-05	0.0
Synergistetes unclassified	0.0	0.0	0.0	0.0
Nevskiales unclassified	0.0	2.3890866521728743e-05	2.7793218454697053e-05	0.0
TACK group unclassified	4.004004004004004e-05	0.0	0.0	0.0
Ferroplasmaceae	0.0	0.0	0.0	0.0
Spiroplasmataceae	0.0	0.0	0.0	0.0
Desulfurococcaceae	0.0	0.0	0.0	0.0
Apicomplexa unclassified	0.0	2.3890866521728743e-05	2.7793218454697053e-05	0.0
Thermoprotei unclassified	0.0	0.0	0.0	0.0
Thermodesulfobacteriaceae	0.0	0.0	0.0	0.0
Plasmodiidae	0.0	0.0	0.0	3.628710356339357e-05
Hypocreales unclassified	0.0	4.778173304345749e-05	0.0	0.0
Ophiostomataceae	0.0	2.3890866521728743e-05	0.0	3.628710356339357e-05
Hypocreomycetidae unclassified	0.0	0.0	2.7793218454697053e-05	0.0
Methanococcaceae	0.0	0.0	0.0	0.0
Saccharospirillaceae	0.0	0.0	2.7793218454697053e-05	0.0
Candidatus Bathyarchaeota unclassified	0.0	0.0	0.0	0.0
Methanomassiliicoccaceae	0.0	0.0	0.0	0.0
Candidatus Diapherotrites unclassified	0.0	0.0	0.0	0.0
Methanocorpusculaceae	0.0	0.0	0.0	0.0
Sulfolobaceae	0.0	0.0	0.0	0.0
Sanguibacteraceae	0.0	0.0	0.0	0.0
Dictyoglomaceae	0.0	0.0	0.0	0.0
Nodaviridae	0.0	0.0	0.0	3.628710356339357e-05
Parvoviridae	0.0	0.0	0.0	0.0
Viruses unclassified	0.0	0.0	0.0	0.0
Fibrobacteres unclassified	0.0	0.0	0.0	0.0
Aeromonadales unclassified	0.0	0.0	0.0	0.0
Thermoplasmata unclassified	0.0	0.0	0.0	3.628710356339357e-05
Fusobacteriales unclassified	0.0	0.0	0.0	0.0
Porticoccaceae	4.004004004004004e-05	0.0	0.0	0.0
Acholeplasmatales unclassified	0.0	0.0	2.7793218454697053e-05	0.0
Methanococcales unclassified	0.0	0.0	0.0	0.0
Eurotiales unclassified	0.0	0.0	2.7793218454697053e-05	0.0
Diaporthales unclassified	0.0	0.0	0.0	0.0
Caliciviridae	0.0	0.0	0.0	0.0
Entomoplasmataceae	0.0	0.0	0.0	0.0
Eucoccidiorida unclassified	0.0	0.0	0.0	0.0
Eurotiomycetes unclassified	0.0	2.3890866521728743e-05	0.0	0.0
Bacteriovoracaceae	0.0	0.0	0.0	0.0
Sordariomyceta unclassified	0.0	0.0	2.7793218454697053e-05	0.0
Ustilaginaceae	0.0	2.3890866521728743e-05	0.0	0.0
Fuselloviridae	0.0	2.3890866521728743e-05	0.0	0.0
Podoviridae	0.0	2.3890866521728743e-05	0.0	0.0
Inoviridae	0.0	2.3890866521728743e-05	0.0	0.0
DsDNA viruses, no RNA stage unclassified	0.0	0.0	0.0	0.0
Mycosphaerellaceae	0.0	2.3890866521728743e-05	0.0	0.0
Saccharomycetales unclassified	0.0	0.0	0.0	0.0
Agaricales unclassified	0.0	0.0	0.0	0.0
Eimeriidae	0.0	0.0	0.0	0.0
Agaricomycetes unclassified	0.0	0.0	0.0	0.0
Dicistroviridae	0.0	0.0	0.0	0.0
Candidatus Calescamantes unclassified	0.0	0.0	0.0	0.0
Bromoviridae	0.0	0.0	0.0	0.0
Secoviridae	0.0	0.0	0.0	0.0
Retroviridae	0.0	0.0	2.7793218454697053e-05	0.0
Ktedonobacteria unclassified	0.0	0.0	2.7793218454697053e-05	0.0
Actinopolysporaceae	0.0	0.0	2.7793218454697053e-05	0.0
Mucorales unclassified	0.0	0.0	0.0	0.0
Polyporaceae	0.0	0.0	0.0	0.0
Picornaviridae	0.0	0.0	0.0	0.0
Lentisphaerae unclassified	0.0	0.0	0.0	0.0
Psychromonadaceae	0.0	0.0	0.0	0.0
Microbulbiferaceae	0.0	0.0	0.0	0.0
Siphoviridae	0.0	0.0	0.0	3.628710356339357e-05
Tombusviridae	0.0	0.0	0.0	3.628710356339357e-05
Kineosporiaceae	0.0	0.0	0.0	3.628710356339357e-05
Desulfurellaceae	0.0	0.0	0.0	3.628710356339357e-05
Thermodesulfobiaceae	0.0	0.0	0.0	3.628710356339357e-05
Methanocellaceae	0.0	0.0	0.0	3.628710356339357e-05
Candidatus Yanofskybacteria unclassified	0.0	0.0	0.0	3.628710356339357e-05
Succinivibrionaceae	0.0	0.0	0.0	0.0
Archaeoglobaceae	0.0	0.0	0.0	0.0
Pyrodictiaceae	0.0	0.0	0.0	0.0
Herpesviridae	0.0	0.0	0.0	0.0
Microviridae	0.0	0.0	0.0	0.0
Reoviridae	0.0	0.0	0.0	0.0
Myxotrichaceae	0.0	0.0	0.0	0.0
Candidatus Microgenomates unclassified	0.0	0.0	0.0	0.0
Erysipelotrichaceae	0.0	0.0	0.0	0.0
Catenulisporales unclassified	0.0	0.0	0.0	0.0
Mimiviridae	0.0	0.0	0.0	0.0
Desulfurobacteriaceae	0.0	0.0	0.0	0.0
Kiloniellaceae	0.0	0.0	0.0	0.0
Methanoregulaceae	0.0	0.0	0.0	0.0
Chlorobi unclassified	0.0	0.0	0.0	0.0
Prochlorales unclassified	0.0	0.0	0.0	0.0
Deinococcus-Thermus unclassified	0.0	0.0	0.0	0.0
Actinomycetales unclassified	0.0	0.0	0.0	0.0
Thermococcales unclassified	0.0	0.0	0.0	0.0
Nitrosomonadales unclassified	0.0	0.0	0.0	0.0
Fusobacteria unclassified	0.0	0.0	0.0	0.0
Opisthokonta unclassified	0.0	0.0	0.0	0.0
SsRNA positive-strand viruses, no DNA stage unclassified	0.0	0.0	0.0	0.0
Halanaerobiales unclassified	0.0	0.0	0.0	0.0
Thermales unclassified	0.0	0.0	0.0	0.0
Nidovirales unclassified	0.0	0.0	0.0	0.0
Bifidobacteriales unclassified	0.0	0.0	0.0	0.0
Micromonosporales unclassified	0.0	0.0	0.0	0.0
Pseudonocardiales unclassified	0.0	0.0	0.0	0.0
Streptomycetales unclassified	0.0	0.0	0.0	0.0
Glycomycetales unclassified	0.0	0.0	0.0	0.0
Enterobacteriales unclassified	0.0	0.0	0.0	0.0
Pleosporales unclassified	0.0	0.0	0.0	0.0
Sphingobacteriia unclassified	0.0	0.0	0.0	0.0
Hydrogenophilales unclassified	0.0	0.0	0.0	0.0
Pasteurellales unclassified	0.0	0.0	0.0	0.0
Gemmatimonadetes unclassified	0.0	0.0	0.0	0.0
Mycetozoa unclassified	0.0	0.0	0.0	0.0
Pezizomycotina unclassified	0.0	0.0	0.0	0.0
Dothideomycetes unclassified	0.0	0.0	0.0	0.0
Thermococci unclassified	0.0	0.0	0.0	0.0
Herpetosiphonales unclassified	0.0	0.0	0.0	0.0
Nitrospirales unclassified	0.0	0.0	0.0	0.0
Chlorobia unclassified	0.0	0.0	0.0	0.0
Chlorobiales unclassified	0.0	0.0	0.0	0.0
Fusobacteriia unclassified	0.0	0.0	0.0	0.0
Verrucomicrobiae unclassified	0.0	0.0	0.0	0.0
Spirochaetia unclassified	0.0	0.0	0.0	0.0
Nitrospira unclassified	0.0	0.0	0.0	0.0
Chlamydiia unclassified	0.0	0.0	0.0	0.0
Acidobacteriia unclassified	0.0	0.0	0.0	0.0
Acidobacteriales unclassified	0.0	0.0	0.0	0.0
Caulobacterales unclassified	0.0	0.0	0.0	0.0
Rhodocyclales unclassified	0.0	0.0	0.0	0.0
Gemmatimonadales unclassified	0.0	0.0	0.0	0.0
Nautiliales unclassified	0.0	0.0	0.0	0.0
Parvularculales unclassified	0.0	0.0	0.0	0.0
Anaerolineales unclassified	0.0	0.0	0.0	0.0
Gloeobacteria unclassified	0.0	0.0	0.0	0.0
Solibacteres unclassified	0.0	0.0	0.0	0.0
Opitutales unclassified	0.0	0.0	0.0	0.0
Puniceicoccales unclassified	0.0	0.0	0.0	0.0
SsRNA viruses unclassified	0.0	0.0	0.0	0.0
Pleosporomycetidae unclassified	0.0	0.0	0.0	0.0
Desulfarculales unclassified	0.0	0.0	0.0	0.0
Caldilineae unclassified	0.0	0.0	0.0	0.0
Caldilineales unclassified	0.0	0.0	0.0	0.0
Holophagae unclassified	0.0	0.0	0.0	0.0
Clostridiales incertae sedis unclassified	0.0	0.0	0.0	0.0
Amoebozoa unclassified	0.0	0.0	0.0	0.0
Holophagales unclassified	0.0	0.0	0.0	0.0
Synergistia unclassified	0.0	0.0	0.0	0.0
Phycisphaerales unclassified	0.0	0.0	0.0	0.0
Pleosporineae unclassified	0.0	0.0	0.0	0.0
Dothideomyceta unclassified	0.0	0.0	0.0	0.0
Methylacidiphilales unclassified	0.0	0.0	0.0	0.0
Cytophagia unclassified	0.0	0.0	0.0	0.0
Negativicutes unclassified	0.0	0.0	0.0	0.0
Bacteroidetes Order II. Incertae sedis unclassified	0.0	0.0	0.0	0.0
Dehalococcoidales unclassified	0.0	0.0	0.0	0.0
Jiangellales unclassified	0.0	0.0	0.0	0.0
Nitrospinae unclassified	0.0	0.0	0.0	0.0
Nitrospinia unclassified	0.0	0.0	0.0	0.0
Nitrospinales unclassified	0.0	0.0	0.0	0.0
Thermoleophilia unclassified	0.0	0.0	0.0	0.0
Roseiflexineae unclassified	0.0	0.0	0.0	0.0
Geodermatophilales unclassified	0.0	0.0	0.0	0.0
Brachyspirales unclassified	0.0	0.0	0.0	0.0
Leptospirales unclassified	0.0	0.0	0.0	0.0
Eggerthellales unclassified	0.0	0.0	0.0	0.0
Haloferacales unclassified	0.0	0.0	0.0	0.0
Natrialbales unclassified	0.0	0.0	0.0	0.0
DPANN group unclassified	0.0	0.0	0.0	0.0
Cyanobacteria/Melainabacteria group unclassified	0.0	0.0	0.0	0.0
Nitrospinae/Tectomicrobia group unclassified	0.0	0.0	0.0	0.0
Mycoplasmatales unclassified	0.0	0.0	0.0	0.0
Methanobacteriales unclassified	0.0	0.0	0.0	0.0
Methanobacteria unclassified	0.0	0.0	0.0	0.0
Tenericutes unclassified	0.0	0.0	0.0	0.0
Tissierellales unclassified	0.0	0.0	0.0	0.0
Thermoproteales unclassified	0.0	0.0	0.0	0.0
Coccidia unclassified	0.0	0.0	0.0	0.0
Haemosporida unclassified	0.0	0.0	0.0	0.0
Aquificales unclassified	0.0	0.0	0.0	0.0
Alveolata unclassified	0.0	0.0	0.0	0.0
Pelagibacterales unclassified	0.0	0.0	0.0	0.0
Thermodesulfobacteria unclassified	0.0	0.0	0.0	0.0
Rubrobacteria unclassified	0.0	0.0	0.0	0.0
Rubrobacterales unclassified	0.0	0.0	0.0	0.0
Sphaerobacteridae unclassified	0.0	0.0	0.0	0.0
Sphaerobacterales unclassified	0.0	0.0	0.0	0.0
Desulfurococcales unclassified	0.0	0.0	0.0	0.0
Methanococci unclassified	0.0	0.0	0.0	0.0
Entomoplasmatales unclassified	0.0	0.0	0.0	0.0
Aquificae unclassified	0.0	0.0	0.0	0.0
Thermodesulfobacteriales unclassified	0.0	0.0	0.0	0.0
Aquificae unclassified	0.0	0.0	0.0	0.0
Thermodesulfobacteria unclassified	0.0	0.0	0.0	0.0
Sordariomycetidae unclassified	0.0	0.0	0.0	0.0
Sphaerobacterineae unclassified	0.0	0.0	0.0	0.0
Kordiimonadales unclassified	0.0	0.0	0.0	0.0
Aconoidasida unclassified	0.0	0.0	0.0	0.0
Eurotiomycetidae unclassified	0.0	0.0	0.0	0.0
Nitriliruptorales unclassified	0.0	0.0	0.0	0.0
Salinisphaerales unclassified	0.0	0.0	0.0	0.0
Nitriliruptoria unclassified	0.0	0.0	0.0	0.0
Nitrososphaerales unclassified	0.0	0.0	0.0	0.0
Conoidasida unclassified	0.0	0.0	0.0	0.0
Sulfuricellales unclassified	0.0	0.0	0.0	0.0
Nitrososphaeria unclassified	0.0	0.0	0.0	0.0
Kosmotogales unclassified	0.0	0.0	0.0	0.0
Limnochordia unclassified	0.0	0.0	0.0	0.0
Limnochordales unclassified	0.0	0.0	0.0	0.0
Ophiostomatales unclassified	0.0	0.0	0.0	0.0
Ustilaginomycetes unclassified	0.0	0.0	0.0	0.0
Ustilaginales unclassified	0.0	0.0	0.0	0.0
Caudovirales unclassified	0.0	0.0	0.0	0.0
SsDNA viruses unclassified	0.0	0.0	0.0	0.0
Capnodiales unclassified	0.0	0.0	0.0	0.0
Dothideomycetes incertae sedis unclassified	0.0	0.0	0.0	0.0
Dothideomycetidae unclassified	0.0	0.0	0.0	0.0
Botryosphaeriales unclassified	0.0	0.0	0.0	0.0
Ustilaginomycotina unclassified	0.0	0.0	0.0	0.0
Gallionellales unclassified	0.0	0.0	0.0	0.0
Candidatus Brocadiales unclassified	0.0	0.0	0.0	0.0
Ardenticatenia unclassified	0.0	0.0	0.0	0.0
Ardenticatenales unclassified	0.0	0.0	0.0	0.0
Saccharomycetes unclassified	0.0	0.0	0.0	0.0
Agaricomycotina unclassified	0.0	0.0	0.0	0.0
Saccharomycotina unclassified	0.0	0.0	0.0	0.0
Eimeriorina unclassified	0.0	0.0	0.0	0.0
Agaricomycetidae unclassified	0.0	0.0	0.0	0.0
Picornavirales unclassified	0.0	0.0	0.0	0.0
Archaea candidate phyla unclassified	0.0	0.0	0.0	0.0
Nitrosopumilales unclassified	0.0	0.0	0.0	0.0
Chrysiogenetes unclassified	0.0	0.0	0.0	0.0
Chrysiogenales unclassified	0.0	0.0	0.0	0.0
Chrysiogenetes unclassified	0.0	0.0	0.0	0.0
Ignavibacteria unclassified	0.0	0.0	0.0	0.0
Ignavibacteriales unclassified	0.0	0.0	0.0	0.0
Ignavibacteriae unclassified	0.0	0.0	0.0	0.0
Methanomassiliicoccales unclassified	0.0	0.0	0.0	0.0
Kinetoplastida unclassified	0.0	0.0	0.0	0.0
Euglenozoa unclassified	0.0	0.0	0.0	0.0
Retro-transcribing viruses unclassified	0.0	0.0	0.0	0.0
Actinopolysporales unclassified	0.0	0.0	0.0	0.0
Sulfolobales unclassified	0.0	0.0	0.0	0.0
Polyporales unclassified	0.0	0.0	0.0	0.0
Dictyoglomi unclassified	0.0	0.0	0.0	0.0
Fungi incertae sedis unclassified	0.0	0.0	0.0	0.0
Dictyoglomia unclassified	0.0	0.0	0.0	0.0
Dictyoglomales unclassified	0.0	0.0	0.0	0.0
Agaricomycetes incertae sedis unclassified	0.0	0.0	0.0	0.0
Mucoromycotina unclassified	0.0	0.0	0.0	0.0
Desulfurellales unclassified	0.0	0.0	0.0	0.0
Methanocellales unclassified	0.0	0.0	0.0	0.0
Kineosporiales unclassified	0.0	0.0	0.0	0.0
Fimbriimonadia unclassified	0.0	0.0	0.0	0.0
Fimbriimonadales unclassified	0.0	0.0	0.0	0.0
Archaeoglobales unclassified	0.0	0.0	0.0	0.0
DsRNA viruses unclassified	0.0	0.0	0.0	0.0
Leotiomycetes unclassified	0.0	0.0	0.0	0.0
Archaeoglobi unclassified	0.0	0.0	0.0	0.0
Leotiomycetes incertae sedis unclassified	0.0	0.0	0.0	0.0
Erysipelotrichia unclassified	0.0	0.0	0.0	0.0
Erysipelotrichales unclassified	0.0	0.0	0.0	0.0
Herpesvirales unclassified	0.0	0.0	0.0	0.0
Kiloniellales unclassified	0.0	0.0	0.0	0.0
Desulfurobacteriales unclassified	0.0	0.0	0.0	0.0
